130 100
130 101
130 102
130 103
130 104
130 105
130 106
130 107
130 108
130 109
130 110
130 111
130 112
130 113
130 114
130 115
130 116
130 117
130 118
130 119
130 120
130 121
130 122
130 123
130 124
130 125
130 126
130 127
130 128
130 129
130 130
130 131
130 132
130 133
130 134
130 135
130 136
130 137
130 138
130 139
130 140
130 141
130 142
130 143
130 144
130 145
130 146
130 147
130 148
130 149
130 150
130 151
130 152
130 153
130 154
130 155
130 156
130 157
130 158
130 159
130 160
131 160
132 160
133 160
134 160
135 160
136 160
137 160
138 160
139 160
140 160
141 160
142 160
143 160
144 160
145 160
146 160
147 160
148 160
149 160
150 160
151 160
152 160
153 160
154 160
155 160
156 160
157 160
158 160
159 160
160 160
161 160
162 160
163 160
164 160
165 160
166 160
167 160
168 160
169 160
170 160
170 159
170 158
170 157
170 156
170 155
170 154
170 153
170 152
170 151
170 150
170 149
170 148
170 147
170 146
170 145
170 144
170 143
170 142
170 141
170 140
170 139
170 138
170 137
170 136
170 135
170 134
170 133
170 132
170 131
170 130
171 130
172 130
173 130
174 130
175 130
176 130
177 130
178 130
179 130
180 130
181 130
182 130
183 130
184 130
185 130
186 130
187 130
188 130
189 130
190 130
190 129
190 128
190 127
190 126
190 125
190 124
190 123
190 122
190 121
190 120
190 119
190 118
190 117
190 116
190 115
190 114
190 113
190 112
190 111
190 110
190 109
190 108
190 107
190 106
190 105
190 104
190 103
190 102
190 101
190 100
189 100
188 100
187 100
186 100
185 100
184 100
183 100
182 100
181 100
180 100
179 100
178 100
177 100
176 100
175 100
174 100
173 100
172 100
171 100
170 100
169 100
168 100
167 100
166 100
165 100
164 100
163 100
162 100
161 100
160 100
159 100
158 100
157 100
156 100
155 100
154 100
153 100
152 100
151 100
150 100
149 100
148 100
147 100
146 100
145 100
144 100
143 100
142 100
141 100
140 100
139 100
138 100
137 100
136 100
135 100
134 100
133 100
132 100
131 100
