12.358365155 76.596036665
12.3583651317 76.5960366967
12.35836499 76.5960367883
12.358364835 76.59603687
12.3583650533 76.59603667
12.3583649483 76.596036655
12.3583647817 76.5960366767
12.3583645217 76.5960366717
12.3583643133 76.5960366983
12.35836414 76.59603676
12.358364275 76.59603665
12.3583642283 76.5960366717
12.3583640683 76.5960367133
12.3583639233 76.59603675
12.3583641517 76.5960365617
12.3583635217 76.5960367733
12.3583631 76.596036825
12.35836103 76.59603743
12.3583610267 76.59603743
12.358361085 76.5960370167
12.3583615267 76.5960367167
12.3583615283 76.596036185
12.358361465 76.5960354
12.35836127 76.5960349967
12.3583610433 76.59603479
12.3583609317 76.5960344533
12.3583605833 76.5960341583
12.35835989 76.5960339067
12.3583593733 76.5960338667
12.3583584167 76.59603413
12.3583578617 76.5960342683
12.3583574817 76.5960344183
12.358357345 76.5960345283
12.3583574067 76.5960346667
12.358357765 76.596034325
12.3583580417 76.596033935
12.358358045 76.5960338067
12.358357835 76.59603377
12.3583575183 76.5960336117
12.3583577817 76.5960334167
12.3583578483 76.5960332683
12.35835786 76.5960332117
12.358357905 76.5960331783
12.3583579317 76.5960331417
12.3583579017 76.5960330567
12.3583578367 76.59603277
12.358357795 76.5960325917
12.3583577817 76.5960324133
12.3583578717 76.5960321817
12.3583578517 76.5960320967
12.3583578083 76.5960320817
12.3583577683 76.59603216
12.3583576817 76.5960323883
12.358357475 76.5960326383
12.3583570367 76.5960327683
12.3583567817 76.596033055
12.3583564283 76.5960331483
12.3583560917 76.5960330217
12.3583556583 76.596032755
12.358355295 76.5960325833
12.3583549967 76.5960323433
12.3583548017 76.5960319667
12.35835431 76.5960314817
12.3583533283 76.5960311733
12.3583521467 76.5960309067
12.35835091 76.5960309617
12.35834947 76.5960309833
12.35834785 76.5960309717
12.358346545 76.5960307983
12.35834509 76.596030275
12.3583435483 76.59602993
12.3583421267 76.5960296267
12.3583402167 76.5960295933
12.3583384533 76.5960294633
12.3583371317 76.5960292533
12.35833497 76.596028705
12.3583336733 76.5960282983
12.358332395 76.5960280667
12.3583312583 76.5960281083
12.3583297033 76.596027945
12.3583271533 76.59602749
12.3583261 76.59602738
12.3583239933 76.5960268033
12.3583228667 76.5960267817
12.3583201633 76.59602603
12.3583183317 76.596025685
12.35831618 76.5960255767
12.3583141783 76.5960254083
12.3583121517 76.596025465
12.3583110367 76.5960254383
12.358309365 76.5960253267
12.3583080617 76.5960249767
12.3583071783 76.5960247
12.3583055533 76.5960249817
12.358303965 76.5960257217
12.3583021967 76.5960267083
12.3583006367 76.5960275933
12.3582987983 76.5960286883
12.3582968167 76.5960291967
12.358295255 76.5960295533
12.3582947117 76.596031095
12.3582868083 76.5960315833
12.358286725 76.596033585
12.3582877333 76.596036155
12.358286435 76.5960376683
12.358284765 76.5960374317
12.3582796483 76.5960414567
12.35827676 76.5960367367
12.3582729267 76.59603719
12.3582713317 76.59603411
12.35826912 76.5960322883
12.3582652217 76.5960268983
12.3582637917 76.596023565
12.3582612833 76.5960161317
12.3582628883 76.5960320683
12.3582628217 76.596036155
12.3582603467 76.5960300417
12.3582579133 76.5960270117
12.3582563067 76.59602511
12.3582554367 76.5960223267
12.3582533683 76.5960203883
12.35825121 76.59601997
12.3582488733 76.5960205717
12.3582473583 76.5960191717
12.35824597 76.59601774
12.35824446 76.5960176983
12.358242615 76.5960174267
12.3582408733 76.59601744
12.35823868 76.5960170167
12.358236155 76.5960161217
12.3582340567 76.59601537
12.3582320133 76.596014785
12.3582300817 76.5960144083
12.3582284067 76.596013385
12.3582262033 76.5960121333
12.358223975 76.596012125
12.35822237 76.5960121283
12.3582203583 76.59601155
12.35821869 76.5960107617
12.358216335 76.5960096517
12.3582145983 76.596009175
12.358212805 76.596009695
12.3582105533 76.596009685
12.3582085467 76.5960105817
12.3582062867 76.5960109733
12.358204685 76.5960110817
12.35820283 76.5960112467
12.358201685 76.5960124567
12.3582008017 76.596012875
12.3581999583 76.5960135467
12.358199295 76.596013855
12.3581990667 76.5960142433
12.3581991267 76.59601545
12.3581991683 76.5960165867
12.3581992333 76.59601796
12.358198705 76.5960189783
12.3581991233 76.5960201217
12.3581996267 76.5960231817
12.35820102 76.59602546
12.3582015533 76.59602784
12.358201155 76.596031495
12.358200855 76.5960329983
12.3582012517 76.596034545
12.3582014417 76.5960359667
12.358201875 76.5960378067
12.3582022233 76.5960396267
12.3582020417 76.5960411033
12.35820208 76.59604263
12.358202105 76.5960442283
12.358201985 76.5960455583
12.3582021767 76.596046835
12.3582024383 76.5960481417
12.3582028017 76.596049585
12.3582029717 76.5960507133
12.3582029733 76.5960517133
12.35820287 76.5960526633
12.3582027733 76.5960533167
12.3582030167 76.5960534683
12.3582033167 76.5960533733
12.358203755 76.596053235
12.358203195 76.59605354
12.3582036967 76.5960535767
12.3582039633 76.5960537383
12.3582042317 76.5960544067
12.3582044683 76.5960556
12.35820448 76.596057105
12.3582047933 76.5960583583
12.3582027333 76.5960590467
12.3582020967 76.596059835
12.35820083 76.5960605083
12.3582001817 76.5960611967
12.358199865 76.596061495
12.3581998033 76.5960615783
12.35819955 76.5960616583
12.358199165 76.5960616867
12.3581991783 76.5960617417
12.3581993433 76.5960628567
12.3581996517 76.5960643033
12.3582003717 76.5960660967
12.3582003167 76.5960662817
12.358200905 76.5960670767
12.3582038867 76.5960692
12.3582037633 76.5960706933
12.358203775 76.596072125
12.3582041417 76.59607353
12.3582043833 76.596075315
12.3582040717 76.5960769733
12.358203815 76.59607849
12.3582030933 76.5960800117
12.3582021 76.596081405
12.3582020767 76.5960829483
12.3582022133 76.596084595
12.3582022533 76.59608636
12.358202235 76.5960879117
12.35820208 76.5960891383
12.358201975 76.5960904567
12.3582019833 76.5960919233
12.3582017567 76.5960933767
12.3582016917 76.5960949167
12.3582018417 76.5960963733
12.358202215 76.5960981933
12.358202345 76.5961000517
12.3582017 76.596103605
12.3582015083 76.59610504
12.3582014117 76.596106555
12.3582016567 76.5961079933
12.358201915 76.5961094667
12.3582020083 76.5961108833
12.3582023283 76.5961124533
12.35820244 76.596114
12.3582023833 76.596115235
12.35820236 76.5961167367
12.358202275 76.5961183183
12.35820229 76.5961195617
12.3582023617 76.596120825
12.3582025517 76.596122305
12.3582027017 76.5961237167
12.3582028967 76.5961249767
12.3582032 76.59612614
12.3582031767 76.59612742
12.3582037317 76.5961295917
12.358203905 76.596130965
12.358204145 76.59613283
12.35820439 76.5961345783
12.3582044633 76.596136535
12.358204155 76.5961382117
12.3582038833 76.5961398333
12.358203675 76.5961413033
12.35820337 76.5961405667
12.3582035417 76.5961421867
12.3582042067 76.5961442167
12.35820432 76.59614593
12.3582045217 76.596147595
12.3582044217 76.596149355
12.3582028083 76.596153005
12.358202865 76.5961543283
12.3582026417 76.596155705
12.35820297 76.5961574683
12.35820309 76.5961589017
12.35820332 76.5961602233
12.3582024683 76.5961614967
12.3582024533 76.5961629533
12.35820244 76.5961642817
12.3582023233 76.59616568
12.35820253 76.5961673967
12.3582024217 76.5961688917
12.358202435 76.5961701833
12.3582022983 76.5961718933
12.3582019917 76.5961737167
12.35820158 76.5961735467
12.35820165 76.5961750167
12.3582019183 76.5961767367
12.3582021783 76.5961786783
12.358202265 76.5961803317
12.3582023317 76.5961819417
12.3582021917 76.596183565
12.3582018617 76.5961849717
12.3582016283 76.596186295
12.35820091 76.5961896867
12.3582020433 76.5961897483
12.3582007683 76.596193135
12.3582020433 76.596192995
12.3582018267 76.5961945617
12.3582016633 76.596196065
12.3581993067 76.5961991817
12.35819918 76.5962009533
12.3581995367 76.5962031317
12.35819954 76.5962049
12.3581993117 76.59620648
12.3581990767 76.5962081133
12.3581991233 76.59620971
12.3581992817 76.5962113267
12.3581993533 76.5962130833
12.3581994433 76.596215
12.3581994483 76.5962166883
12.35819938 76.5962182117
12.3581996167 76.59622005
12.3581994933 76.5962217233
12.35819941 76.5962232667
12.3581995217 76.5962247583
12.3581996983 76.59622649
12.35819996 76.5962278667
12.358200235 76.596229165
12.3582005617 76.5962305833
12.3582006217 76.596232145
12.3582008467 76.5962333983
12.35820125 76.5962344233
12.358201925 76.5962356167
12.35820285 76.5962369267
12.3582016267 76.596237615
12.3582022717 76.596238675
12.35820309 76.5962398167
12.3582039367 76.59624115
12.3582048667 76.596242265
12.3582080217 76.5962441183
12.3582090767 76.5962452417
12.3582102783 76.596246125
12.3582111567 76.5962469183
12.3582118883 76.596247795
12.358212815 76.5962486767
12.3582138483 76.596249415
12.3582147783 76.5962499933
12.3582158 76.5962505217
12.3582171967 76.59625111
12.3582185417 76.596251545
12.358219435 76.5962518017
12.3582203533 76.5962519983
12.3582213567 76.5962523083
12.3582223267 76.5962525133
12.3582234167 76.5962527383
12.358224985 76.5962527467
12.35822678 76.5962528067
12.35822817 76.596252795
12.35822961 76.5962528183
12.358231065 76.5962528933
12.3582325483 76.5962527083
12.3582335117 76.5962524683
12.358234875 76.5962520383
12.35823645 76.5962512683
12.3582383367 76.5962509183
12.358239595 76.5962504217
12.3582408967 76.5962499033
12.3582421717 76.5962492067
12.358243035 76.5962487367
12.3582439533 76.596248185
12.3582451367 76.5962473383
12.358245605 76.5962464333
12.3582460167 76.5962458033
12.35824662 76.5962448533
12.35824751 76.596243985
12.3582484083 76.5962430483
12.358249065 76.5962422983
12.3582496183 76.5962413717
12.3582504783 76.5962401483
12.35825115 76.596239255
12.35825185 76.5962383317
12.358252515 76.5962371583
12.35825326 76.5962361183
12.358253935 76.5962346567
12.3582545517 76.5962337533
12.358255535 76.5962327917
12.3582564517 76.5962314367
12.3582571883 76.5962303067
12.3582580533 76.5962292017
12.358258835 76.596227965
12.3582598733 76.5962269433
12.358260775 76.5962258317
12.3582615567 76.5962248933
12.3582626767 76.5962235617
12.3582633817 76.5962222933
12.3582640333 76.59622134
12.3582647633 76.5962203717
12.3582657617 76.5962189917
12.3582666383 76.5962179333
12.3582673167 76.5962169983
12.3582679883 76.596216015
12.3582685667 76.5962146533
12.3582693383 76.5962134967
12.3582699617 76.5962123683
12.3582706717 76.596211415
12.358271345 76.5962102333
12.35827181 76.5962093167
12.3582723317 76.59620811
12.3582730267 76.5962067883
12.3582735617 76.5962053017
12.3582741217 76.5962043133
12.3582768533 76.5962026167
12.3582756717 76.5962018467
12.35827633 76.596200665
12.3582769517 76.5961994967
12.35827997 76.5961976417
12.3582806533 76.5961962083
12.35828129 76.5961951467
12.358281865 76.596194115
12.358282345 76.5961928167
12.3582830317 76.5961913117
12.3582836183 76.5961900383
12.3582841617 76.5961890583
12.35828288 76.5961890283
12.35828547 76.596186475
12.358286435 76.5961854267
12.3582869633 76.5961844983
12.3582875583 76.59618316
12.3582883817 76.5961819183
12.358289125 76.596181045
12.3582898017 76.59617993
12.3582906617 76.596178685
12.3582912517 76.5961772133
12.3582918083 76.5961761183
12.358292405 76.596175015
12.3582930733 76.5961736667
12.3582936833 76.59617236
12.358292075 76.5961726633
12.3582927033 76.5961714517
12.35829317 76.5961700967
12.3582936117 76.5961687483
12.35829419 76.5961676533
12.3582946583 76.5961664833
12.3582952833 76.596165335
12.3582958567 76.5961643133
12.358296435 76.596163095
12.3582968983 76.596161745
12.3582973633 76.59616034
12.35829779 76.5961591633
12.3582981933 76.5961580617
12.3582988083 76.5961571383
12.358299735 76.5961557967
12.358300295 76.5961546133
12.35830073 76.5961533267
12.35830117 76.5961522533
12.35830167 76.5961508883
12.3583019917 76.5961495133
12.3583023583 76.5961484233
12.358302785 76.596147515
12.3583032733 76.5961462767
12.358303685 76.5961452333
12.35830436 76.5961437883
12.3583049883 76.5961426567
12.3583054533 76.5961417983
12.3583060867 76.5961410617
12.3583067467 76.5961403817
12.35830716 76.5961394333
12.358307765 76.5961383433
12.35830832 76.5961371783
12.358308815 76.5961358183
12.3583095733 76.5961341933
12.3583099617 76.59613271
12.3583105667 76.596131015
12.3583109917 76.5961293333
12.3583114733 76.596127755
12.358312 76.5961261917
12.358312675 76.596124805
12.358313375 76.5961234117
12.3583139817 76.596122155
12.3583144567 76.596121055
12.3583148517 76.5961197233
12.35831531 76.5961184783
12.3583156383 76.5961172833
12.358316095 76.5961159417
12.358316585 76.5961144083
12.3583171517 76.596112885
12.35831773 76.5961113267
12.3583182067 76.596109905
12.3583185783 76.596108425
12.3583189083 76.5961071583
12.3583192483 76.59610607
12.3583197717 76.5961049883
12.3583203017 76.5961038433
12.358320715 76.59610279
12.3583212067 76.5961016917
12.35832163 76.5961004117
12.358322135 76.5960989167
12.3583226417 76.5960973283
12.35832305 76.596095805
12.3583235333 76.5960943617
12.3583242983 76.596092935
12.3583247917 76.5960914533
12.3583253333 76.5960899917
12.3583257433 76.59608841
12.3583261633 76.5960868083
12.358326565 76.5960853767
12.3583268133 76.59608392
12.3583274233 76.5960825483
12.358327985 76.59608128
12.3583283933 76.596079995
12.35832869 76.5960787883
12.3583287367 76.5960773633
12.3583290767 76.5960757783
12.358329385 76.596074255
12.358329785 76.5960727117
12.3583301983 76.5960712517
12.3583306867 76.596069795
12.3583310733 76.5960683417
12.35833145 76.596066785
12.3583316933 76.5960652
12.3583319583 76.5960636983
12.3583321617 76.596062385
12.3583323683 76.5960612917
12.3583327967 76.596060125
12.3583329517 76.5960586683
12.35833333 76.5960572267
12.35833354 76.596055845
12.3583338367 76.5960545117
12.358334025 76.5960532633
12.3583342167 76.5960521233
12.3583345317 76.5960508267
12.3583351067 76.5960495183
12.3583354167 76.5960482483
12.3583355533 76.59604698
12.3583357217 76.5960456617
12.3583358067 76.596044335
12.358336005 76.5960430617
12.3583362117 76.59604183
12.3583366333 76.5960405017
12.35833707 76.5960391617
12.358337355 76.5960379517
12.3583376383 76.596036815
12.358337845 76.5960356983
12.358337925 76.5960345117
12.3583380117 76.596033665
12.3583380667 76.5960330667
12.3583382583 76.596032485
12.3583386217 76.5960320267
12.35833891 76.5960317383
12.3583392583 76.5960316433
12.3583393283 76.596031725
12.358339345 76.596031915
12.3583393833 76.596032005
12.3583391883 76.5960319767
12.3583390283 76.5960318383
12.358339005 76.5960318083
12.3583389233 76.596031895
12.3583389133 76.5960319317
12.3583388783 76.5960320417
12.358338895 76.5960320333
12.3583393267 76.5960319033
12.3583392933 76.596031865
12.3583391567 76.5960318433
12.3583391667 76.59603178
12.35833915 76.59603183
12.3583392783 76.596031805
12.3583392683 76.5960318167
12.358339225 76.5960318467
12.3583391383 76.59603185
12.3583391083 76.59603186
12.35833911 76.5960318733
12.3583391817 76.59603194
12.3583392233 76.59603194
12.3583392083 76.5960319667
12.3583391683 76.59603198
12.3583391367 76.5960319983
12.3583390833 76.5960320167
12.3583389967 76.59603204
12.3583389117 76.5960320933
12.3583388083 76.5960321117
12.3583387 76.59603216
12.35833864 76.5960321533
12.358338645 76.5960321417
12.3583386483 76.5960321217
12.35833861 76.596032115
12.3583387067 76.5960321017
12.358338675 76.596032125
12.3583385833 76.5960321483
12.3583384267 76.5960322133
12.358338335 76.5960322367
12.3583384817 76.59603226
12.3583385467 76.5960323067
12.3583387483 76.5960323967
12.3583391317 76.5960325483
12.3583394233 76.5960326533
12.3583394633 76.5960327783
12.3583393667 76.596032965
12.358339205 76.59603312
12.3583391167 76.596033325
12.3583390217 76.5960334217
12.3583389467 76.5960334317
12.3583388333 76.5960333717
12.3583388067 76.5960333667
12.3583388067 76.5960333867
12.3583387717 76.59603341
12.3583385633 76.5960334633
12.35833854 76.5960334583
12.3583384683 76.59603349
12.3583384333 76.5960335733
12.3583383917 76.5960336167
12.358338325 76.59603367
12.3583382583 76.5960337367
12.3583381033 76.5960338017
12.3583380383 76.596033855
12.3583378433 76.59603386
12.3583379683 76.5960337883
12.3583379033 76.59603375
12.3583375533 76.5960337217
12.3583371733 76.5960337617
12.3583364567 76.5960338767
12.3583358717 76.5960340817
12.3583358833 76.5960344067
12.35833543 76.5960347017
12.3583349467 76.5960346633
12.3583348683 76.5960345767
12.3583357483 76.596034685
12.3583366133 76.5960346833
12.3583369267 76.5960346983
12.3583370383 76.5960347033
12.3583368583 76.5960347767
12.3583368817 76.5960347883
12.358336985 76.5960347
12.3583369767 76.59603453
12.358336765 76.5960345017
12.3583366383 76.5960347467
12.3583378567 76.5960341383
12.3583378933 76.5960342
12.3583363717 76.59603513
12.3583364183 76.5960349833
12.35833782 76.5960341383
12.358337945 76.5960341033
12.3583377417 76.5960340633
12.3583376133 76.5960339883
12.3583375283 76.5960339417
12.3583375033 76.5960339667
12.3583375683 76.5960339683
12.3583375167 76.5960339333
12.3583375183 76.5960339633
12.3583374967 76.5960340583
12.3583375483 76.5960341083
12.358336325 76.5960350917
12.3583364883 76.596035195
12.358336645 76.5960353167
12.3583366733 76.5960353533
12.3583367267 76.59603529
12.3583366983 76.5960352533
12.3583366117 76.596035245
12.3583365567 76.5960352467
12.358336445 76.5960353133
12.358336445 76.5960353317
12.35833664 76.5960352767
12.35833661 76.5960352017
12.3583361433 76.5960354817
12.3583363467 76.5960353917
12.3583366733 76.5960353133
12.3583366483 76.5960357033
12.358337005 76.596035905
12.358337345 76.5960360933
12.3583376417 76.5960362317
12.358337665 76.5960363017
12.358337695 76.59603629
12.358337605 76.59603629
12.358337535 76.5960363667
12.3583374333 76.59603648
12.3583374033 76.5960365383
12.3583374067 76.5960365
12.3583374033 76.5960364233
12.3583375083 76.59603631
12.35833752 76.59603625
12.358337475 76.59603625
12.3583375117 76.59603626
12.35833762 76.5960363383
12.3583376033 76.596036465
12.3583376333 76.5960365283
12.3583377433 76.5960365767
12.35833793 76.59603666
12.358338145 76.5960366717
12.3583383217 76.5960367333
12.3583385567 76.5960367833
12.3583391033 76.5960368117
12.358338615 76.5960372567
12.358338 76.5960375233
12.3583377617 76.5960377383
12.3583377367 76.596038055
12.3583377117 76.596038275
12.35833736 76.5960388233
12.3583374683 76.59603974
12.358337675 76.5960407983
12.3583387183 76.5960405767
12.3583387967 76.5960401417
12.358338195 76.5960392367
12.35833634 76.596039445
12.3583359633 76.596038755
12.358335715 76.596038415
12.3583370517 76.596036955
12.3583370217 76.5960368033
12.3583369767 76.5960366433
12.35833685 76.5960365333
12.358336735 76.5960364717
12.3583367333 76.596036325
12.3583368683 76.59603595
12.3583370233 76.59603558
12.358337045 76.596035285
12.3583370617 76.5960351183
12.3583370383 76.596035105
12.358336695 76.5960350683
12.358336145 76.5960351483
12.358335935 76.5960352067
12.35833588 76.5960353017
12.3583359467 76.5960354783
12.3583359417 76.5960354783
12.3583358833 76.5960354267
12.3583357717 76.5960353067
12.35833568 76.59603525
12.3583356167 76.5960352767
12.3583357383 76.5960352033
12.358335715 76.596035125
12.3583355867 76.5960350783
12.3583354367 76.5960350467
12.3583353233 76.5960350667
12.3583353433 76.5960350917
12.358335605 76.5960350433
12.35833585 76.59603498
12.3583359767 76.59603501
12.3583360533 76.5960349833
12.3583357983 76.5960350133
12.358335755 76.5960350583
12.358335785 76.5960350367
12.3583358033 76.596034955
12.3583357117 76.596034965
12.358335665 76.5960350167
12.3583355267 76.5960351133
12.3583355017 76.5960351583
12.3583354517 76.5960352783
12.3583354133 76.5960354533
12.3583354 76.596035605
12.35833544 76.5960356817
12.3583353917 76.5960357
12.358335335 76.5960356417
12.3583352167 76.5960355433
12.35833507 76.5960355367
12.3583351717 76.5960354233
12.3583351967 76.5960353167
12.3583351233 76.5960352517
12.3583349467 76.59603518
12.3583350767 76.596035005
12.3583350383 76.5960348967
12.3583349233 76.5960348317
12.3583348517 76.5960347617
12.3583347617 76.5960347983
12.3583347467 76.596034945
12.3583347583 76.5960349317
12.3583346933 76.5960349483
12.358334645 76.5960350283
12.3583343883 76.5960350117
12.3583344583 76.596034885
12.358334495 76.5960349417
12.3583343133 76.596035065
12.3583342217 76.5960350233
12.3583341283 76.5960351167
12.35833388 76.5960352567
12.3583338133 76.5960351217
12.3583338133 76.5960351667
12.35833369 76.5960353233
12.3583336033 76.59603516
12.3583334317 76.5960351917
12.3583332683 76.5960353383
12.358333275 76.5960352917
12.35833305 76.5960352633
12.358332715 76.5960353967
12.3583320833 76.5960356883
12.3583334917 76.5960351117
12.3583334183 76.596035075
12.358333345 76.5960350733
12.3583333917 76.5960350417
12.35833336 76.5960350283
12.3583334483 76.5960350067
12.3583334583 76.5960348967
12.3583335383 76.5960348367
12.3583334967 76.596034755
12.3583335617 76.59603456
12.35833347 76.59603448
12.35833353 76.596034235
12.3583336817 76.596034015
12.3583341333 76.5960338517
12.35833489 76.5960337233
12.35833498 76.59603448
12.3583349183 76.5960343417
12.358334695 76.5960344483
12.3583343933 76.5960347167
12.3583339067 76.5960349367
12.3583328167 76.5960345683
12.3583323133 76.59603458
12.3583322983 76.5960346567
12.35833199 76.5960345067
12.3583322067 76.5960343983
12.3583320483 76.5960344
12.3583320683 76.59603425
12.35833196 76.5960342667
12.3583318333 76.596034285
12.3583316167 76.596034285
12.35833173 76.596034135
12.3583317033 76.59603407
12.358331665 76.596034035
12.3583316767 76.596034045
12.35833168 76.59603398
12.35833166 76.5960339467
12.3583317 76.5960338967
12.3583317383 76.59603384
12.358331815 76.5960337883
12.3583318967 76.596033755
12.35833188 76.5960337233
12.35833193 76.5960336833
12.3583320233 76.5960336583
12.35833213 76.5960335967
12.3583320883 76.596033515
12.358332165 76.5960334883
12.3583322567 76.5960334633
12.3583338983 76.5960340733
12.3583339617 76.5960341017
12.3583340117 76.5960341033
12.3583339733 76.596034075
12.3583339633 76.5960340783
12.3583340033 76.59603408
12.3583340217 76.5960340733
12.3583338983 76.59603404
12.35833391 76.59603403
12.3583339133 76.5960340483
12.3583339217 76.5960340567
12.358333945 76.5960340633
12.3583339833 76.5960340433
12.358365155 76.596036665
12.3583651317 76.5960366967
12.35836499 76.5960367883
12.358364835 76.59603687
12.3583650533 76.59603667
12.3583649483 76.596036655
12.3583647817 76.5960366767
12.3583645217 76.5960366717
12.3583643133 76.5960366983
12.35836414 76.59603676
12.358364275 76.59603665
12.3583642283 76.5960366717
12.3583640683 76.5960367133
12.3583639233 76.59603675
12.3583641517 76.5960365617
12.3583635217 76.5960367733
12.3583631 76.596036825
12.35836103 76.59603743
12.3583610267 76.59603743
12.358361085 76.5960370167
12.3583615267 76.5960367167
12.3583615283 76.596036185
12.358361465 76.5960354
12.35836127 76.5960349967
12.3583610433 76.59603479
12.3583609317 76.5960344533
12.3583605833 76.5960341583
12.35835989 76.5960339067
12.3583593733 76.5960338667
12.3583584167 76.59603413
12.3583578617 76.5960342683
12.3583574817 76.5960344183
12.358357345 76.5960345283
12.3583574067 76.5960346667
12.358357765 76.596034325
12.3583580417 76.596033935
12.358358045 76.5960338067
12.358357835 76.59603377
12.3583575183 76.5960336117
12.3583577817 76.5960334167
12.3583578483 76.5960332683
12.35835786 76.5960332117
12.358357905 76.5960331783
12.3583579317 76.5960331417
12.3583579017 76.5960330567
12.3583578367 76.59603277
12.358357795 76.5960325917
12.3583577817 76.5960324133
12.3583578717 76.5960321817
12.3583578517 76.5960320967
12.3583578083 76.5960320817
12.3583577683 76.59603216
12.3583576817 76.5960323883
12.358357475 76.5960326383
12.3583570367 76.5960327683
12.3583567817 76.596033055
12.3583564283 76.5960331483
12.3583560917 76.5960330217
12.3583556583 76.596032755
12.358355295 76.5960325833
12.3583549967 76.5960323433
12.3583548017 76.5960319667
12.35835431 76.5960314817
12.3583533283 76.5960311733
12.3583521467 76.5960309067
12.35835091 76.5960309617
12.35834947 76.5960309833
12.35834785 76.5960309717
12.358346545 76.5960307983
12.35834509 76.596030275
12.3583435483 76.59602993
12.3583421267 76.5960296267
12.3583402167 76.5960295933
12.3583384533 76.5960294633
12.3583371317 76.5960292533
12.35833497 76.596028705
12.3583336733 76.5960282983
12.358332395 76.5960280667
12.3583312583 76.5960281083
12.3583297033 76.596027945
12.3583271533 76.59602749
12.3583261 76.59602738
12.3583239933 76.5960268033
12.3583228667 76.5960267817
12.3583201633 76.59602603
12.3583183317 76.596025685
12.35831618 76.5960255767
12.3583141783 76.5960254083
12.3583121517 76.596025465
12.3583110367 76.5960254383
12.358309365 76.5960253267
12.3583080617 76.5960249767
12.3583071783 76.5960247
12.3583055533 76.5960249817
12.358303965 76.5960257217
12.3583021967 76.5960267083
12.3583006367 76.5960275933
12.3582987983 76.5960286883
12.3582968167 76.5960291967
12.358295255 76.5960295533
12.3582947117 76.596031095
12.3582868083 76.5960315833
12.358286725 76.596033585
12.3582877333 76.596036155
12.358286435 76.5960376683
12.358284765 76.5960374317
12.3582796483 76.5960414567
12.35827676 76.5960367367
12.3582729267 76.59603719
12.3582713317 76.59603411
12.35826912 76.5960322883
12.3582652217 76.5960268983
12.3582637917 76.596023565
12.3582612833 76.5960161317
12.3582628883 76.5960320683
12.3582628217 76.596036155
12.3582603467 76.5960300417
12.3582579133 76.5960270117
12.3582563067 76.59602511
12.3582554367 76.5960223267
12.3582533683 76.5960203883
12.35825121 76.59601997
12.3582488733 76.5960205717
12.3582473583 76.5960191717
12.35824597 76.59601774
12.35824446 76.5960176983
12.358242615 76.5960174267
12.3582408733 76.59601744
12.35823868 76.5960170167
12.358236155 76.5960161217
12.3582340567 76.59601537
12.3582320133 76.596014785
12.3582300817 76.5960144083
12.3582284067 76.596013385
12.3582262033 76.5960121333
12.358223975 76.596012125
12.35822237 76.5960121283
12.3582203583 76.59601155
12.35821869 76.5960107617
12.358216335 76.5960096517
12.3582145983 76.596009175
12.358212805 76.596009695
12.3582105533 76.596009685
12.3582085467 76.5960105817
12.3582062867 76.5960109733
12.358204685 76.5960110817
12.35820283 76.5960112467
12.358201685 76.5960124567
12.3582008017 76.596012875
12.3581999583 76.5960135467
12.358199295 76.596013855
12.3581990667 76.5960142433
12.3581991267 76.59601545
12.3581991683 76.5960165867
12.3581992333 76.59601796
12.358198705 76.5960189783
12.3581991233 76.5960201217
12.3581996267 76.5960231817
12.35820102 76.59602546
12.3582015533 76.59602784
12.358201155 76.596031495
12.358200855 76.5960329983
12.3582012517 76.596034545
12.3582014417 76.5960359667
12.358201875 76.5960378067
12.3582022233 76.5960396267
12.3582020417 76.5960411033
12.35820208 76.59604263
12.358202105 76.5960442283
12.358201985 76.5960455583
12.3582021767 76.596046835
12.3582024383 76.5960481417
12.3582028017 76.596049585
12.3582029717 76.5960507133
12.3582029733 76.5960517133
12.35820287 76.5960526633
12.3582027733 76.5960533167
12.3582030167 76.5960534683
12.3582033167 76.5960533733
12.358203755 76.596053235
12.358203195 76.59605354
12.3582036967 76.5960535767
12.3582039633 76.5960537383
12.3582042317 76.5960544067
12.3582044683 76.5960556
12.35820448 76.596057105
12.3582047933 76.5960583583
12.3582027333 76.5960590467
12.3582020967 76.596059835
12.35820083 76.5960605083
12.3582001817 76.5960611967
12.358199865 76.596061495
12.3581998033 76.5960615783
12.35819955 76.5960616583
12.358199165 76.5960616867
12.3581991783 76.5960617417
12.3581993433 76.5960628567
12.3581996517 76.5960643033
12.3582003717 76.5960660967
12.3582003167 76.5960662817
12.358200905 76.5960670767
12.3582038867 76.5960692
12.3582037633 76.5960706933
12.358203775 76.596072125
12.3582041417 76.59607353
12.3582043833 76.596075315
12.3582040717 76.5960769733
12.358203815 76.59607849
12.3582030933 76.5960800117
12.3582021 76.596081405
12.3582020767 76.5960829483
12.3582022133 76.596084595
12.3582022533 76.59608636
12.358202235 76.5960879117
12.35820208 76.5960891383
12.358201975 76.5960904567
12.3582019833 76.5960919233
12.3582017567 76.5960933767
12.3582016917 76.5960949167
12.3582018417 76.5960963733
12.358202215 76.5960981933
12.358202345 76.5961000517
12.3582017 76.596103605
12.3582015083 76.59610504
12.3582014117 76.596106555
12.3582016567 76.5961079933
12.358201915 76.5961094667
12.3582020083 76.5961108833
12.3582023283 76.5961124533
12.35820244 76.596114
12.3582023833 76.596115235
12.35820236 76.5961167367
12.358202275 76.5961183183
12.35820229 76.5961195617
12.3582023617 76.596120825
12.3582025517 76.596122305
12.3582027017 76.5961237167
12.3582028967 76.5961249767
12.3582032 76.59612614
12.3582031767 76.59612742
12.3582037317 76.5961295917
12.358203905 76.596130965
12.358204145 76.59613283
12.35820439 76.5961345783
12.3582044633 76.596136535
12.358204155 76.5961382117
12.3582038833 76.5961398333
12.358203675 76.5961413033
12.35820337 76.5961405667
12.3582035417 76.5961421867
12.3582042067 76.5961442167
12.35820432 76.59614593
12.3582045217 76.596147595
12.3582044217 76.596149355
12.3582028083 76.596153005
12.358202865 76.5961543283
12.3582026417 76.596155705
12.35820297 76.5961574683
12.35820309 76.5961589017
12.35820332 76.5961602233
12.3582024683 76.5961614967
12.3582024533 76.5961629533
12.35820244 76.5961642817
12.3582023233 76.59616568
12.35820253 76.5961673967
12.3582024217 76.5961688917
12.358202435 76.5961701833
12.3582022983 76.5961718933
12.3582019917 76.5961737167
12.35820158 76.5961735467
12.35820165 76.5961750167
12.3582019183 76.5961767367
12.3582021783 76.5961786783
12.358202265 76.5961803317
12.3582023317 76.5961819417
12.3582021917 76.596183565
12.3582018617 76.5961849717
12.3582016283 76.596186295
12.35820091 76.5961896867
12.3582020433 76.5961897483
12.3582007683 76.596193135
12.3582020433 76.596192995
12.3582018267 76.5961945617
12.3582016633 76.596196065
12.3581993067 76.5961991817
12.35819918 76.5962009533
12.3581995367 76.5962031317
12.35819954 76.5962049
12.3581993117 76.59620648
12.3581990767 76.5962081133
12.3581991233 76.59620971
12.3581992817 76.5962113267
12.3581993533 76.5962130833
12.3581994433 76.596215
12.3581994483 76.5962166883
12.35819938 76.5962182117
12.3581996167 76.59622005
12.3581994933 76.5962217233
12.35819941 76.5962232667
12.3581995217 76.5962247583
12.3581996983 76.59622649
12.35819996 76.5962278667
12.358200235 76.596229165
12.3582005617 76.5962305833
12.3582006217 76.596232145
12.3582008467 76.5962333983
12.35820125 76.5962344233
12.358201925 76.5962356167
12.35820285 76.5962369267
12.3582016267 76.596237615
12.3582022717 76.596238675
12.35820309 76.5962398167
12.3582039367 76.59624115
12.3582048667 76.596242265
12.3582080217 76.5962441183
12.3582090767 76.5962452417
12.3582102783 76.596246125
12.3582111567 76.5962469183
12.3582118883 76.596247795
12.358212815 76.5962486767
12.3582138483 76.596249415
12.3582147783 76.5962499933
12.3582158 76.5962505217
12.3582171967 76.59625111
12.3582185417 76.596251545
12.358219435 76.5962518017
12.3582203533 76.5962519983
12.3582213567 76.5962523083
12.3582223267 76.5962525133
12.3582234167 76.5962527383
12.358224985 76.5962527467
12.35822678 76.5962528067
12.35822817 76.596252795
12.35822961 76.5962528183
12.358231065 76.5962528933
12.3582325483 76.5962527083
12.3582335117 76.5962524683
12.358234875 76.5962520383
12.35823645 76.5962512683
12.3582383367 76.5962509183
12.358239595 76.5962504217
12.3582408967 76.5962499033
12.3582421717 76.5962492067
12.358243035 76.5962487367
12.3582439533 76.596248185
12.3582451367 76.5962473383
12.358245605 76.5962464333
12.3582460167 76.5962458033
12.35824662 76.5962448533
12.35824751 76.596243985
12.3582484083 76.5962430483
12.358249065 76.5962422983
12.3582496183 76.5962413717
12.3582504783 76.5962401483
12.35825115 76.596239255
12.35825185 76.5962383317
12.358252515 76.5962371583
12.35825326 76.5962361183
12.358253935 76.5962346567
12.3582545517 76.5962337533
12.358255535 76.5962327917
12.3582564517 76.5962314367
12.3582571883 76.5962303067
12.3582580533 76.5962292017
12.358258835 76.596227965
12.3582598733 76.5962269433
12.358260775 76.5962258317
12.3582615567 76.5962248933
12.3582626767 76.5962235617
12.3582633817 76.5962222933
12.3582640333 76.59622134
12.3582647633 76.5962203717
12.3582657617 76.5962189917
12.3582666383 76.5962179333
12.3582673167 76.5962169983
12.3582679883 76.596216015
12.3582685667 76.5962146533
12.3582693383 76.5962134967
12.3582699617 76.5962123683
12.3582706717 76.596211415
12.358271345 76.5962102333
12.35827181 76.5962093167
12.3582723317 76.59620811
12.3582730267 76.5962067883
12.3582735617 76.5962053017
12.3582741217 76.5962043133
12.3582768533 76.5962026167
12.3582756717 76.5962018467
12.35827633 76.596200665
12.3582769517 76.5961994967
12.35827997 76.5961976417
12.3582806533 76.5961962083
12.35828129 76.5961951467
12.358281865 76.596194115
12.358282345 76.5961928167
12.3582830317 76.5961913117
12.3582836183 76.5961900383
12.3582841617 76.5961890583
12.35828288 76.5961890283
12.35828547 76.596186475
12.358286435 76.5961854267
12.3582869633 76.5961844983
12.3582875583 76.59618316
12.3582883817 76.5961819183
12.358289125 76.596181045
12.3582898017 76.59617993
12.3582906617 76.596178685
12.3582912517 76.5961772133
12.3582918083 76.5961761183
12.358292405 76.596175015
12.3582930733 76.5961736667
12.3582936833 76.59617236
12.358292075 76.5961726633
12.3582927033 76.5961714517
12.35829317 76.5961700967
12.3582936117 76.5961687483
12.35829419 76.5961676533
12.3582946583 76.5961664833
12.3582952833 76.596165335
12.3582958567 76.5961643133
12.358296435 76.596163095
12.3582968983 76.596161745
12.3582973633 76.59616034
12.35829779 76.5961591633
12.3582981933 76.5961580617
12.3582988083 76.5961571383
12.358299735 76.5961557967
12.358300295 76.5961546133
12.35830073 76.5961533267
12.35830117 76.5961522533
12.35830167 76.5961508883
12.3583019917 76.5961495133
12.3583023583 76.5961484233
12.358302785 76.596147515
12.3583032733 76.5961462767
12.358303685 76.5961452333
12.35830436 76.5961437883
12.3583049883 76.5961426567
12.3583054533 76.5961417983
12.3583060867 76.5961410617
12.3583067467 76.5961403817
12.35830716 76.5961394333
12.358307765 76.5961383433
12.35830832 76.5961371783
12.358308815 76.5961358183
12.3583095733 76.5961341933
12.3583099617 76.59613271
12.3583105667 76.596131015
12.3583109917 76.5961293333
12.3583114733 76.596127755
12.358312 76.5961261917
12.358312675 76.596124805
12.358313375 76.5961234117
12.3583139817 76.596122155
12.3583144567 76.596121055
12.3583148517 76.5961197233
12.35831531 76.5961184783
12.3583156383 76.5961172833
12.358316095 76.5961159417
12.358316585 76.5961144083
12.3583171517 76.596112885
12.35831773 76.5961113267
12.3583182067 76.596109905
12.3583185783 76.596108425
12.3583189083 76.5961071583
12.3583192483 76.59610607
12.3583197717 76.5961049883
12.3583203017 76.5961038433
12.358320715 76.59610279
12.3583212067 76.5961016917
12.35832163 76.5961004117
12.358322135 76.5960989167
12.3583226417 76.5960973283
12.35832305 76.596095805
12.3583235333 76.5960943617
12.3583242983 76.596092935
12.3583247917 76.5960914533
12.3583253333 76.5960899917
12.3583257433 76.59608841
12.3583261633 76.5960868083
12.358326565 76.5960853767
12.3583268133 76.59608392
12.3583274233 76.5960825483
12.358327985 76.59608128
12.3583283933 76.596079995
12.35832869 76.5960787883
12.3583287367 76.5960773633
12.3583290767 76.5960757783
12.358329385 76.596074255
12.358329785 76.5960727117
12.3583301983 76.5960712517
12.3583306867 76.596069795
12.3583310733 76.5960683417
12.35833145 76.596066785
12.3583316933 76.5960652
12.3583319583 76.5960636983
12.3583321617 76.596062385
12.3583323683 76.5960612917
12.3583327967 76.596060125
12.3583329517 76.5960586683
12.35833333 76.5960572267
12.35833354 76.596055845
12.3583338367 76.5960545117
12.358334025 76.5960532633
12.3583342167 76.5960521233
12.3583345317 76.5960508267
12.3583351067 76.5960495183
12.3583354167 76.5960482483
12.3583355533 76.59604698
12.3583357217 76.5960456617
12.3583358067 76.596044335
12.358336005 76.5960430617
12.3583362117 76.59604183
12.3583366333 76.5960405017
12.35833707 76.5960391617
12.358337355 76.5960379517
12.3583376383 76.596036815
12.358337845 76.5960356983
12.358337925 76.5960345117
12.3583380117 76.596033665
12.3583380667 76.5960330667
12.3583382583 76.596032485
12.3583386217 76.5960320267
12.35833891 76.5960317383
12.3583392583 76.5960316433
12.3583393283 76.596031725
12.358339345 76.596031915
12.3583393833 76.596032005
12.3583391883 76.5960319767
12.3583390283 76.5960318383
12.358339005 76.5960318083
12.3583389233 76.596031895
12.3583389133 76.5960319317
12.3583388783 76.5960320417
12.358338895 76.5960320333
12.3583393267 76.5960319033
12.3583392933 76.596031865
12.3583391567 76.5960318433
12.3583391667 76.59603178
12.35833915 76.59603183
12.3583392783 76.596031805
12.3583392683 76.5960318167
12.358339225 76.5960318467
12.3583391383 76.59603185
12.3583391083 76.59603186
12.35833911 76.5960318733
12.3583391817 76.59603194
12.3583392233 76.59603194
12.3583392083 76.5960319667
12.3583391683 76.59603198
12.3583391367 76.5960319983
12.3583390833 76.5960320167
12.3583389967 76.59603204
12.3583389117 76.5960320933
12.3583388083 76.5960321117
12.3583387 76.59603216
12.35833864 76.5960321533
12.358338645 76.5960321417
12.3583386483 76.5960321217
12.35833861 76.596032115
12.3583387067 76.5960321017
12.358338675 76.596032125
12.3583385833 76.5960321483
12.3583384267 76.5960322133
12.358338335 76.5960322367
12.3583384817 76.59603226
12.3583385467 76.5960323067
12.3583387483 76.5960323967
12.3583391317 76.5960325483
12.3583394233 76.5960326533
12.3583394633 76.5960327783
12.3583393667 76.596032965
12.358339205 76.59603312
12.3583391167 76.596033325
12.3583390217 76.5960334217
12.3583389467 76.5960334317
12.3583388333 76.5960333717
12.3583388067 76.5960333667
12.3583388067 76.5960333867
12.3583387717 76.59603341
12.3583385633 76.5960334633
12.35833854 76.5960334583
12.3583384683 76.59603349
12.3583384333 76.5960335733
12.3583383917 76.5960336167
12.358338325 76.59603367
12.3583382583 76.5960337367
12.3583381033 76.5960338017
12.3583380383 76.596033855
12.3583378433 76.59603386
12.3583379683 76.5960337883
12.3583379033 76.59603375
12.3583375533 76.5960337217
12.3583371733 76.5960337617
12.3583364567 76.5960338767
12.3583358717 76.5960340817
12.3583358833 76.5960344067
12.35833543 76.5960347017
12.3583349467 76.5960346633
12.3583348683 76.5960345767
12.3583357483 76.596034685
12.3583366133 76.5960346833
12.3583369267 76.5960346983
12.3583370383 76.5960347033
12.3583368583 76.5960347767
12.3583368817 76.5960347883
12.358336985 76.5960347
12.3583369767 76.59603453
12.358336765 76.5960345017
12.3583366383 76.5960347467
12.3583378567 76.5960341383
12.3583378933 76.5960342
12.3583363717 76.59603513
12.3583364183 76.5960349833
12.35833782 76.5960341383
12.358337945 76.5960341033
12.3583377417 76.5960340633
12.3583376133 76.5960339883
12.3583375283 76.5960339417
12.3583375033 76.5960339667
12.3583375683 76.5960339683
12.3583375167 76.5960339333
12.3583375183 76.5960339633
12.3583374967 76.5960340583
12.3583375483 76.5960341083
12.358336325 76.5960350917
12.3583364883 76.596035195
12.358336645 76.5960353167
12.3583366733 76.5960353533
12.3583367267 76.59603529
12.3583366983 76.5960352533
12.3583366117 76.596035245
12.3583365567 76.5960352467
12.358336445 76.5960353133
12.358336445 76.5960353317
12.35833664 76.5960352767
12.35833661 76.5960352017
12.3583361433 76.5960354817
12.3583363467 76.5960353917
12.3583366733 76.5960353133
12.3583366483 76.5960357033
12.358337005 76.596035905
12.358337345 76.5960360933
12.3583376417 76.5960362317
12.358337665 76.5960363017
12.358337695 76.59603629
12.358337605 76.59603629
12.358337535 76.5960363667
12.3583374333 76.59603648
12.3583374033 76.5960365383
12.3583374067 76.5960365
12.3583374033 76.5960364233
12.3583375083 76.59603631
12.35833752 76.59603625
12.358337475 76.59603625
12.3583375117 76.59603626
12.35833762 76.5960363383
12.3583376033 76.596036465
12.3583376333 76.5960365283
12.3583377433 76.5960365767
12.35833793 76.59603666
12.358338145 76.5960366717
12.3583383217 76.5960367333
12.3583385567 76.5960367833
12.3583391033 76.5960368117
12.358338615 76.5960372567
12.358338 76.5960375233
12.3583377617 76.5960377383
12.3583377367 76.596038055
12.3583377117 76.596038275
12.35833736 76.5960388233
12.3583374683 76.59603974
12.358337675 76.5960407983
12.3583387183 76.5960405767
12.3583387967 76.5960401417
12.358338195 76.5960392367
12.35833634 76.596039445
12.3583359633 76.596038755
12.358335715 76.596038415
12.3583370517 76.596036955
12.3583370217 76.5960368033
12.3583369767 76.5960366433
12.35833685 76.5960365333
12.358336735 76.5960364717
12.3583367333 76.596036325
12.3583368683 76.59603595
12.3583370233 76.59603558
12.358337045 76.596035285
12.3583370617 76.5960351183
12.3583370383 76.596035105
12.358336695 76.5960350683
12.358336145 76.5960351483
12.358335935 76.5960352067
12.35833588 76.5960353017
12.3583359467 76.5960354783
12.3583359417 76.5960354783
12.3583358833 76.5960354267
12.3583357717 76.5960353067
12.35833568 76.59603525
12.3583356167 76.5960352767
12.3583357383 76.5960352033
12.358335715 76.596035125
12.3583355867 76.5960350783
12.3583354367 76.5960350467
12.3583353233 76.5960350667
12.3583353433 76.5960350917
12.358335605 76.5960350433
12.35833585 76.59603498
12.3583359767 76.59603501
12.3583360533 76.5960349833
12.3583357983 76.5960350133
12.358335755 76.5960350583
12.358335785 76.5960350367
12.3583358033 76.596034955
12.3583357117 76.596034965
12.358335665 76.5960350167
12.3583355267 76.5960351133
12.3583355017 76.5960351583
12.3583354517 76.5960352783
12.3583354133 76.5960354533
12.3583354 76.596035605
12.35833544 76.5960356817
12.3583353917 76.5960357
12.358335335 76.5960356417
12.3583352167 76.5960355433
12.35833507 76.5960355367
12.3583351717 76.5960354233
12.3583351967 76.5960353167
12.3583351233 76.5960352517
12.3583349467 76.59603518
12.3583350767 76.596035005
12.3583350383 76.5960348967
12.3583349233 76.5960348317
12.3583348517 76.5960347617
12.3583347617 76.5960347983
12.3583347467 76.596034945
12.3583347583 76.5960349317
12.3583346933 76.5960349483
12.358334645 76.5960350283
12.3583343883 76.5960350117
12.3583344583 76.596034885
12.358334495 76.5960349417
12.3583343133 76.596035065
12.3583342217 76.5960350233
12.3583341283 76.5960351167
12.35833388 76.5960352567
12.3583338133 76.5960351217
12.3583338133 76.5960351667
12.35833369 76.5960353233
12.3583336033 76.59603516
12.3583334317 76.5960351917
12.3583332683 76.5960353383
12.358333275 76.5960352917
12.35833305 76.5960352633
12.358332715 76.5960353967
12.3583320833 76.5960356883
12.3583334917 76.5960351117
12.3583334183 76.596035075
12.358333345 76.5960350733
12.3583333917 76.5960350417
12.35833336 76.5960350283
12.3583334483 76.5960350067
12.3583334583 76.5960348967
12.3583335383 76.5960348367
12.3583334967 76.596034755
12.3583335617 76.59603456
12.35833347 76.59603448
12.35833353 76.596034235
12.3583336817 76.596034015
12.3583341333 76.5960338517
12.35833489 76.5960337233
12.35833498 76.59603448
12.3583349183 76.5960343417
12.358334695 76.5960344483
12.3583343933 76.5960347167
12.3583339067 76.5960349367
12.3583328167 76.5960345683
12.3583323133 76.59603458
12.3583322983 76.5960346567
12.35833199 76.5960345067
12.3583322067 76.5960343983
12.3583320483 76.5960344
12.3583320683 76.59603425
12.35833196 76.5960342667
12.3583318333 76.596034285
12.3583316167 76.596034285
12.35833173 76.596034135
12.3583317033 76.59603407
12.358331665 76.596034035
12.3583316767 76.596034045
12.35833168 76.59603398
12.35833166 76.5960339467
12.3583317 76.5960338967
12.3583317383 76.59603384
12.358331815 76.5960337883
12.3583318967 76.596033755
12.35833188 76.5960337233
12.35833193 76.5960336833
12.3583320233 76.5960336583
12.35833213 76.5960335967
12.3583320883 76.596033515
12.358332165 76.5960334883
12.3583322567 76.5960334633
12.3583338983 76.5960340733
12.3583339617 76.5960341017
12.3583340117 76.5960341033
12.3583339733 76.596034075
12.3583339633 76.5960340783
12.3583340033 76.59603408
12.3583340217 76.5960340733
12.3583338983 76.59603404
12.35833391 76.59603403
12.3583339133 76.5960340483
12.3583339217 76.5960340567
12.358333945 76.5960340633
12.3583339833 76.5960340433
