131.0 101.0
131.0 102.0
131.0 103.0
131.0 104.0
131.0 105.0
131.0 106.0
131.0 107.0
131.0 108.0
131.0 109.0
131.0 110.0
131.0 111.0
131.0 112.0
131.0 113.0
131.0 114.0
131.0 115.0
131.0 116.0
131.0 117.0
131.0 118.0
131.0 119.0
131.0 120.0
131.0 121.0
131.0 122.0
131.0 123.0
131.0 124.0
131.0 125.0
131.0 126.0
131.0 127.0
131.0 128.0
131.0 129.0
131.0 130.0
131.0 131.0
131.0 132.0
131.0 133.0
131.0 134.0
131.0 135.0
131.0 136.0
131.0 137.0
131.0 138.0
131.0 139.0
131.0 140.0
131.0 141.0
131.0 142.0
131.0 143.0
131.0 144.0
131.0 145.0
131.0 146.0
131.0 147.0
131.0 148.0
131.0 149.0
131.0 150.0
131.0 151.0
131.0 152.0
131.0 153.0
131.0 154.0
131.0 155.0
131.0 156.0
131.0 157.0
131.0 158.0
131.0 159.0
132.0 101.0
132.0 102.0
132.0 103.0
132.0 104.0
132.0 105.0
132.0 106.0
132.0 107.0
132.0 108.0
132.0 109.0
132.0 110.0
132.0 111.0
132.0 112.0
132.0 113.0
132.0 114.0
132.0 115.0
132.0 116.0
132.0 117.0
132.0 118.0
132.0 119.0
132.0 120.0
132.0 121.0
132.0 122.0
132.0 123.0
132.0 124.0
132.0 125.0
132.0 126.0
132.0 127.0
132.0 128.0
132.0 129.0
132.0 130.0
132.0 131.0
132.0 132.0
132.0 133.0
132.0 134.0
132.0 135.0
132.0 136.0
132.0 137.0
132.0 138.0
132.0 139.0
132.0 140.0
132.0 141.0
132.0 142.0
132.0 143.0
132.0 144.0
132.0 145.0
132.0 146.0
132.0 147.0
132.0 148.0
132.0 149.0
132.0 150.0
132.0 151.0
132.0 152.0
132.0 153.0
132.0 154.0
132.0 155.0
132.0 156.0
132.0 157.0
132.0 158.0
132.0 159.0
133.0 101.0
133.0 102.0
133.0 103.0
133.0 104.0
133.0 105.0
133.0 106.0
133.0 107.0
133.0 108.0
133.0 109.0
133.0 110.0
133.0 111.0
133.0 112.0
133.0 113.0
133.0 114.0
133.0 115.0
133.0 116.0
133.0 117.0
133.0 118.0
133.0 119.0
133.0 120.0
133.0 121.0
133.0 122.0
133.0 123.0
133.0 124.0
133.0 125.0
133.0 126.0
133.0 127.0
133.0 128.0
133.0 129.0
133.0 130.0
133.0 131.0
133.0 132.0
133.0 133.0
133.0 134.0
133.0 135.0
133.0 136.0
133.0 137.0
133.0 138.0
133.0 139.0
133.0 140.0
133.0 141.0
133.0 142.0
133.0 143.0
133.0 144.0
133.0 145.0
133.0 146.0
133.0 147.0
133.0 148.0
133.0 149.0
133.0 150.0
133.0 151.0
133.0 152.0
133.0 153.0
133.0 154.0
133.0 155.0
133.0 156.0
133.0 157.0
133.0 158.0
133.0 159.0
134.0 101.0
134.0 102.0
134.0 103.0
134.0 104.0
134.0 105.0
134.0 106.0
134.0 107.0
134.0 108.0
134.0 109.0
134.0 110.0
134.0 111.0
134.0 112.0
134.0 113.0
134.0 114.0
134.0 115.0
134.0 116.0
134.0 117.0
134.0 118.0
134.0 119.0
134.0 120.0
134.0 121.0
134.0 122.0
134.0 123.0
134.0 124.0
134.0 125.0
134.0 126.0
134.0 127.0
134.0 128.0
134.0 129.0
134.0 130.0
134.0 131.0
134.0 132.0
134.0 133.0
134.0 134.0
134.0 135.0
134.0 136.0
134.0 137.0
134.0 138.0
134.0 139.0
134.0 140.0
134.0 141.0
134.0 142.0
134.0 143.0
134.0 144.0
134.0 145.0
134.0 146.0
134.0 147.0
134.0 148.0
134.0 149.0
134.0 150.0
134.0 151.0
134.0 152.0
134.0 153.0
134.0 154.0
134.0 155.0
134.0 156.0
134.0 157.0
134.0 158.0
134.0 159.0
135.0 101.0
135.0 102.0
135.0 103.0
135.0 104.0
135.0 105.0
135.0 106.0
135.0 107.0
135.0 108.0
135.0 109.0
135.0 110.0
135.0 111.0
135.0 112.0
135.0 113.0
135.0 114.0
135.0 115.0
135.0 116.0
135.0 117.0
135.0 118.0
135.0 119.0
135.0 120.0
135.0 121.0
135.0 122.0
135.0 123.0
135.0 124.0
135.0 125.0
135.0 126.0
135.0 127.0
135.0 128.0
135.0 129.0
135.0 130.0
135.0 131.0
135.0 132.0
135.0 133.0
135.0 134.0
135.0 135.0
135.0 136.0
135.0 137.0
135.0 138.0
135.0 139.0
135.0 140.0
135.0 141.0
135.0 142.0
135.0 143.0
135.0 144.0
135.0 145.0
135.0 146.0
135.0 147.0
135.0 148.0
135.0 149.0
135.0 150.0
135.0 151.0
135.0 152.0
135.0 153.0
135.0 154.0
135.0 155.0
135.0 156.0
135.0 157.0
135.0 158.0
135.0 159.0
136.0 101.0
136.0 102.0
136.0 103.0
136.0 104.0
136.0 105.0
136.0 106.0
136.0 107.0
136.0 108.0
136.0 109.0
136.0 110.0
136.0 111.0
136.0 112.0
136.0 113.0
136.0 114.0
136.0 115.0
136.0 116.0
136.0 117.0
136.0 118.0
136.0 119.0
136.0 120.0
136.0 121.0
136.0 122.0
136.0 123.0
136.0 124.0
136.0 125.0
136.0 126.0
136.0 127.0
136.0 128.0
136.0 129.0
136.0 130.0
136.0 131.0
136.0 132.0
136.0 133.0
136.0 134.0
136.0 135.0
136.0 136.0
136.0 137.0
136.0 138.0
136.0 139.0
136.0 140.0
136.0 141.0
136.0 142.0
136.0 143.0
136.0 144.0
136.0 145.0
136.0 146.0
136.0 147.0
136.0 148.0
136.0 149.0
136.0 150.0
136.0 151.0
136.0 152.0
136.0 153.0
136.0 154.0
136.0 155.0
136.0 156.0
136.0 157.0
136.0 158.0
136.0 159.0
137.0 101.0
137.0 102.0
137.0 103.0
137.0 104.0
137.0 105.0
137.0 106.0
137.0 107.0
137.0 108.0
137.0 109.0
137.0 110.0
137.0 111.0
137.0 112.0
137.0 113.0
137.0 114.0
137.0 115.0
137.0 116.0
137.0 117.0
137.0 118.0
137.0 119.0
137.0 120.0
137.0 121.0
137.0 122.0
137.0 123.0
137.0 124.0
137.0 125.0
137.0 126.0
137.0 127.0
137.0 128.0
137.0 129.0
137.0 130.0
137.0 131.0
137.0 132.0
137.0 133.0
137.0 134.0
137.0 135.0
137.0 136.0
137.0 137.0
137.0 138.0
137.0 139.0
137.0 140.0
137.0 141.0
137.0 142.0
137.0 143.0
137.0 144.0
137.0 145.0
137.0 146.0
137.0 147.0
137.0 148.0
137.0 149.0
137.0 150.0
137.0 151.0
137.0 152.0
137.0 153.0
137.0 154.0
137.0 155.0
137.0 156.0
137.0 157.0
137.0 158.0
137.0 159.0
138.0 101.0
138.0 102.0
138.0 103.0
138.0 104.0
138.0 105.0
138.0 106.0
138.0 107.0
138.0 108.0
138.0 109.0
138.0 110.0
138.0 111.0
138.0 112.0
138.0 113.0
138.0 114.0
138.0 115.0
138.0 116.0
138.0 117.0
138.0 118.0
138.0 119.0
138.0 120.0
138.0 121.0
138.0 122.0
138.0 123.0
138.0 124.0
138.0 125.0
138.0 126.0
138.0 127.0
138.0 128.0
138.0 129.0
138.0 130.0
138.0 131.0
138.0 132.0
138.0 133.0
138.0 134.0
138.0 135.0
138.0 136.0
138.0 137.0
138.0 138.0
138.0 139.0
138.0 140.0
138.0 141.0
138.0 142.0
138.0 143.0
138.0 144.0
138.0 145.0
138.0 146.0
138.0 147.0
138.0 148.0
138.0 149.0
138.0 150.0
138.0 151.0
138.0 152.0
138.0 153.0
138.0 154.0
138.0 155.0
138.0 156.0
138.0 157.0
138.0 158.0
138.0 159.0
139.0 101.0
139.0 102.0
139.0 103.0
139.0 104.0
139.0 105.0
139.0 106.0
139.0 107.0
139.0 108.0
139.0 109.0
139.0 110.0
139.0 111.0
139.0 112.0
139.0 113.0
139.0 114.0
139.0 115.0
139.0 116.0
139.0 117.0
139.0 118.0
139.0 119.0
139.0 120.0
139.0 121.0
139.0 122.0
139.0 123.0
139.0 124.0
139.0 125.0
139.0 126.0
139.0 127.0
139.0 128.0
139.0 129.0
139.0 130.0
139.0 131.0
139.0 132.0
139.0 133.0
139.0 134.0
139.0 135.0
139.0 136.0
139.0 137.0
139.0 138.0
139.0 139.0
139.0 140.0
139.0 141.0
139.0 142.0
139.0 143.0
139.0 144.0
139.0 145.0
139.0 146.0
139.0 147.0
139.0 148.0
139.0 149.0
139.0 150.0
139.0 151.0
139.0 152.0
139.0 153.0
139.0 154.0
139.0 155.0
139.0 156.0
139.0 157.0
139.0 158.0
139.0 159.0
140.0 101.0
140.0 102.0
140.0 103.0
140.0 104.0
140.0 105.0
140.0 106.0
140.0 107.0
140.0 108.0
140.0 109.0
140.0 110.0
140.0 111.0
140.0 112.0
140.0 113.0
140.0 114.0
140.0 115.0
140.0 116.0
140.0 117.0
140.0 118.0
140.0 119.0
140.0 120.0
140.0 121.0
140.0 122.0
140.0 123.0
140.0 124.0
140.0 125.0
140.0 126.0
140.0 127.0
140.0 128.0
140.0 129.0
140.0 130.0
140.0 131.0
140.0 132.0
140.0 133.0
140.0 134.0
140.0 135.0
140.0 136.0
140.0 137.0
140.0 138.0
140.0 139.0
140.0 140.0
140.0 141.0
140.0 142.0
140.0 143.0
140.0 144.0
140.0 145.0
140.0 146.0
140.0 147.0
140.0 148.0
140.0 149.0
140.0 150.0
140.0 151.0
140.0 152.0
140.0 153.0
140.0 154.0
140.0 155.0
140.0 156.0
140.0 157.0
140.0 158.0
140.0 159.0
141.0 101.0
141.0 102.0
141.0 103.0
141.0 104.0
141.0 105.0
141.0 106.0
141.0 107.0
141.0 108.0
141.0 109.0
141.0 110.0
141.0 111.0
141.0 112.0
141.0 113.0
141.0 114.0
141.0 115.0
141.0 116.0
141.0 117.0
141.0 118.0
141.0 119.0
141.0 120.0
142.0 101.0
142.0 102.0
142.0 103.0
142.0 104.0
142.0 105.0
142.0 106.0
142.0 107.0
142.0 108.0
142.0 109.0
142.0 110.0
142.0 111.0
142.0 112.0
142.0 113.0
142.0 114.0
142.0 115.0
142.0 116.0
142.0 117.0
142.0 118.0
142.0 119.0
142.0 120.0
143.0 101.0
143.0 102.0
143.0 103.0
143.0 104.0
143.0 105.0
143.0 106.0
143.0 107.0
143.0 108.0
143.0 109.0
143.0 110.0
143.0 111.0
143.0 112.0
143.0 113.0
143.0 114.0
143.0 115.0
143.0 116.0
143.0 117.0
143.0 118.0
143.0 119.0
143.0 120.0
144.0 101.0
144.0 102.0
144.0 103.0
144.0 104.0
144.0 105.0
144.0 106.0
144.0 107.0
144.0 108.0
144.0 109.0
144.0 110.0
144.0 111.0
144.0 112.0
144.0 113.0
144.0 114.0
144.0 115.0
144.0 116.0
144.0 117.0
144.0 118.0
144.0 119.0
144.0 120.0
145.0 101.0
145.0 102.0
145.0 103.0
145.0 104.0
145.0 105.0
145.0 106.0
145.0 107.0
145.0 108.0
145.0 109.0
145.0 110.0
145.0 111.0
145.0 112.0
145.0 113.0
145.0 114.0
145.0 115.0
145.0 116.0
145.0 117.0
145.0 118.0
145.0 119.0
145.0 120.0
146.0 101.0
146.0 102.0
146.0 103.0
146.0 104.0
146.0 105.0
146.0 106.0
146.0 107.0
146.0 108.0
146.0 109.0
146.0 110.0
146.0 111.0
146.0 112.0
146.0 113.0
146.0 114.0
146.0 115.0
146.0 116.0
146.0 117.0
146.0 118.0
146.0 119.0
146.0 120.0
147.0 101.0
147.0 102.0
147.0 103.0
147.0 104.0
147.0 105.0
147.0 106.0
147.0 107.0
147.0 108.0
147.0 109.0
147.0 110.0
147.0 111.0
147.0 112.0
147.0 113.0
147.0 114.0
147.0 115.0
147.0 116.0
147.0 117.0
147.0 118.0
147.0 119.0
147.0 120.0
148.0 101.0
148.0 102.0
148.0 103.0
148.0 104.0
148.0 105.0
148.0 106.0
148.0 107.0
148.0 108.0
148.0 109.0
148.0 110.0
148.0 111.0
148.0 112.0
148.0 113.0
148.0 114.0
148.0 115.0
148.0 116.0
148.0 117.0
148.0 118.0
148.0 119.0
148.0 120.0
149.0 101.0
149.0 102.0
149.0 103.0
149.0 104.0
149.0 105.0
149.0 106.0
149.0 107.0
149.0 108.0
149.0 109.0
149.0 110.0
149.0 111.0
149.0 112.0
149.0 113.0
149.0 114.0
149.0 115.0
149.0 116.0
149.0 117.0
149.0 118.0
149.0 119.0
149.0 120.0
150.0 101.0
150.0 102.0
150.0 103.0
150.0 104.0
150.0 105.0
150.0 106.0
150.0 107.0
150.0 108.0
150.0 109.0
150.0 110.0
150.0 111.0
150.0 112.0
150.0 113.0
150.0 114.0
150.0 115.0
150.0 116.0
150.0 117.0
150.0 118.0
150.0 119.0
150.0 120.0
151.0 101.0
151.0 102.0
151.0 103.0
151.0 104.0
151.0 105.0
151.0 106.0
151.0 107.0
151.0 108.0
151.0 109.0
151.0 110.0
151.0 111.0
151.0 112.0
151.0 113.0
151.0 114.0
151.0 115.0
151.0 116.0
151.0 117.0
151.0 118.0
151.0 119.0
151.0 120.0
152.0 101.0
152.0 102.0
152.0 103.0
152.0 104.0
152.0 105.0
152.0 106.0
152.0 107.0
152.0 108.0
152.0 109.0
152.0 110.0
152.0 111.0
152.0 112.0
152.0 113.0
152.0 114.0
152.0 115.0
152.0 116.0
152.0 117.0
152.0 118.0
152.0 119.0
152.0 120.0
153.0 101.0
153.0 102.0
153.0 103.0
153.0 104.0
153.0 105.0
153.0 106.0
153.0 107.0
153.0 108.0
153.0 109.0
153.0 110.0
153.0 111.0
153.0 112.0
153.0 113.0
153.0 114.0
153.0 115.0
153.0 116.0
153.0 117.0
153.0 118.0
153.0 119.0
153.0 120.0
154.0 101.0
154.0 102.0
154.0 103.0
154.0 104.0
154.0 105.0
154.0 106.0
154.0 107.0
154.0 108.0
154.0 109.0
154.0 110.0
154.0 111.0
154.0 112.0
154.0 113.0
154.0 114.0
154.0 115.0
154.0 116.0
154.0 117.0
154.0 118.0
154.0 119.0
154.0 120.0
155.0 101.0
155.0 102.0
155.0 103.0
155.0 104.0
155.0 105.0
155.0 106.0
155.0 107.0
155.0 108.0
155.0 109.0
155.0 110.0
155.0 111.0
155.0 112.0
155.0 113.0
155.0 114.0
155.0 115.0
155.0 116.0
155.0 117.0
155.0 118.0
155.0 119.0
155.0 120.0
156.0 101.0
156.0 102.0
156.0 103.0
156.0 104.0
156.0 105.0
156.0 106.0
156.0 107.0
156.0 108.0
156.0 109.0
156.0 110.0
156.0 111.0
156.0 112.0
156.0 113.0
156.0 114.0
156.0 115.0
156.0 116.0
156.0 117.0
156.0 118.0
156.0 119.0
156.0 120.0
157.0 101.0
157.0 102.0
157.0 103.0
157.0 104.0
157.0 105.0
157.0 106.0
157.0 107.0
157.0 108.0
157.0 109.0
157.0 110.0
157.0 111.0
157.0 112.0
157.0 113.0
157.0 114.0
157.0 115.0
157.0 116.0
157.0 117.0
157.0 118.0
157.0 119.0
157.0 120.0
158.0 101.0
158.0 102.0
158.0 103.0
158.0 104.0
158.0 105.0
158.0 106.0
158.0 107.0
158.0 108.0
158.0 109.0
158.0 110.0
158.0 111.0
158.0 112.0
158.0 113.0
158.0 114.0
158.0 115.0
158.0 116.0
158.0 117.0
158.0 118.0
158.0 119.0
158.0 120.0
159.0 101.0
159.0 102.0
159.0 103.0
159.0 104.0
159.0 105.0
159.0 106.0
159.0 107.0
159.0 108.0
159.0 109.0
159.0 110.0
159.0 111.0
159.0 112.0
159.0 113.0
159.0 114.0
159.0 115.0
159.0 116.0
159.0 117.0
159.0 118.0
159.0 119.0
159.0 120.0
160.0 101.0
160.0 102.0
160.0 103.0
160.0 104.0
160.0 105.0
160.0 106.0
160.0 107.0
160.0 108.0
160.0 109.0
160.0 110.0
160.0 111.0
160.0 112.0
160.0 113.0
160.0 114.0
160.0 115.0
160.0 116.0
160.0 117.0
160.0 118.0
160.0 119.0
160.0 120.0
160.0 121.0
160.0 122.0
160.0 123.0
160.0 124.0
160.0 125.0
160.0 126.0
160.0 127.0
160.0 128.0
160.0 129.0
160.0 130.0
160.0 131.0
160.0 132.0
160.0 133.0
160.0 134.0
160.0 135.0
160.0 136.0
160.0 137.0
160.0 138.0
160.0 139.0
160.0 140.0
160.0 141.0
160.0 142.0
160.0 143.0
160.0 144.0
160.0 145.0
160.0 146.0
160.0 147.0
160.0 148.0
160.0 149.0
160.0 150.0
160.0 151.0
160.0 152.0
160.0 153.0
160.0 154.0
160.0 155.0
160.0 156.0
160.0 157.0
160.0 158.0
160.0 159.0
161.0 101.0
161.0 102.0
161.0 103.0
161.0 104.0
161.0 105.0
161.0 106.0
161.0 107.0
161.0 108.0
161.0 109.0
161.0 110.0
161.0 111.0
161.0 112.0
161.0 113.0
161.0 114.0
161.0 115.0
161.0 116.0
161.0 117.0
161.0 118.0
161.0 119.0
161.0 120.0
161.0 121.0
161.0 122.0
161.0 123.0
161.0 124.0
161.0 125.0
161.0 126.0
161.0 127.0
161.0 128.0
161.0 129.0
161.0 130.0
161.0 131.0
161.0 132.0
161.0 133.0
161.0 134.0
161.0 135.0
161.0 136.0
161.0 137.0
161.0 138.0
161.0 139.0
161.0 140.0
161.0 141.0
161.0 142.0
161.0 143.0
161.0 144.0
161.0 145.0
161.0 146.0
161.0 147.0
161.0 148.0
161.0 149.0
161.0 150.0
161.0 151.0
161.0 152.0
161.0 153.0
161.0 154.0
161.0 155.0
161.0 156.0
161.0 157.0
161.0 158.0
161.0 159.0
162.0 101.0
162.0 102.0
162.0 103.0
162.0 104.0
162.0 105.0
162.0 106.0
162.0 107.0
162.0 108.0
162.0 109.0
162.0 110.0
162.0 111.0
162.0 112.0
162.0 113.0
162.0 114.0
162.0 115.0
162.0 116.0
162.0 117.0
162.0 118.0
162.0 119.0
162.0 120.0
162.0 121.0
162.0 122.0
162.0 123.0
162.0 124.0
162.0 125.0
162.0 126.0
162.0 127.0
162.0 128.0
162.0 129.0
162.0 130.0
162.0 131.0
162.0 132.0
162.0 133.0
162.0 134.0
162.0 135.0
162.0 136.0
162.0 137.0
162.0 138.0
162.0 139.0
162.0 140.0
162.0 141.0
162.0 142.0
162.0 143.0
162.0 144.0
162.0 145.0
162.0 146.0
162.0 147.0
162.0 148.0
162.0 149.0
162.0 150.0
162.0 151.0
162.0 152.0
162.0 153.0
162.0 154.0
162.0 155.0
162.0 156.0
162.0 157.0
162.0 158.0
162.0 159.0
163.0 101.0
163.0 102.0
163.0 103.0
163.0 104.0
163.0 105.0
163.0 106.0
163.0 107.0
163.0 108.0
163.0 109.0
163.0 110.0
163.0 111.0
163.0 112.0
163.0 113.0
163.0 114.0
163.0 115.0
163.0 116.0
163.0 117.0
163.0 118.0
163.0 119.0
163.0 120.0
163.0 121.0
163.0 122.0
163.0 123.0
163.0 124.0
163.0 125.0
163.0 126.0
163.0 127.0
163.0 128.0
163.0 129.0
163.0 130.0
163.0 131.0
163.0 132.0
163.0 133.0
163.0 134.0
163.0 135.0
163.0 136.0
163.0 137.0
163.0 138.0
163.0 139.0
163.0 140.0
163.0 141.0
163.0 142.0
163.0 143.0
163.0 144.0
163.0 145.0
163.0 146.0
163.0 147.0
163.0 148.0
163.0 149.0
163.0 150.0
163.0 151.0
163.0 152.0
163.0 153.0
163.0 154.0
163.0 155.0
163.0 156.0
163.0 157.0
163.0 158.0
163.0 159.0
164.0 101.0
164.0 102.0
164.0 103.0
164.0 104.0
164.0 105.0
164.0 106.0
164.0 107.0
164.0 108.0
164.0 109.0
164.0 110.0
164.0 111.0
164.0 112.0
164.0 113.0
164.0 114.0
164.0 115.0
164.0 116.0
164.0 117.0
164.0 118.0
164.0 119.0
164.0 120.0
164.0 121.0
164.0 122.0
164.0 123.0
164.0 124.0
164.0 125.0
164.0 126.0
164.0 127.0
164.0 128.0
164.0 129.0
164.0 130.0
164.0 131.0
164.0 132.0
164.0 133.0
164.0 134.0
164.0 135.0
164.0 136.0
164.0 137.0
164.0 138.0
164.0 139.0
164.0 140.0
164.0 141.0
164.0 142.0
164.0 143.0
164.0 144.0
164.0 145.0
164.0 146.0
164.0 147.0
164.0 148.0
164.0 149.0
164.0 150.0
164.0 151.0
164.0 152.0
164.0 153.0
164.0 154.0
164.0 155.0
164.0 156.0
164.0 157.0
164.0 158.0
164.0 159.0
165.0 101.0
165.0 102.0
165.0 103.0
165.0 104.0
165.0 105.0
165.0 106.0
165.0 107.0
165.0 108.0
165.0 109.0
165.0 110.0
165.0 111.0
165.0 112.0
165.0 113.0
165.0 114.0
165.0 115.0
165.0 116.0
165.0 117.0
165.0 118.0
165.0 119.0
165.0 120.0
165.0 121.0
165.0 122.0
165.0 123.0
165.0 124.0
165.0 125.0
165.0 126.0
165.0 127.0
165.0 128.0
165.0 129.0
165.0 130.0
165.0 131.0
165.0 132.0
165.0 133.0
165.0 134.0
165.0 135.0
165.0 136.0
165.0 137.0
165.0 138.0
165.0 139.0
165.0 140.0
165.0 141.0
165.0 142.0
165.0 143.0
165.0 144.0
165.0 145.0
165.0 146.0
165.0 147.0
165.0 148.0
165.0 149.0
165.0 150.0
165.0 151.0
165.0 152.0
165.0 153.0
165.0 154.0
165.0 155.0
165.0 156.0
165.0 157.0
165.0 158.0
165.0 159.0
166.0 101.0
166.0 102.0
166.0 103.0
166.0 104.0
166.0 105.0
166.0 106.0
166.0 107.0
166.0 108.0
166.0 109.0
166.0 110.0
166.0 111.0
166.0 112.0
166.0 113.0
166.0 114.0
166.0 115.0
166.0 116.0
166.0 117.0
166.0 118.0
166.0 119.0
166.0 120.0
166.0 121.0
166.0 122.0
166.0 123.0
166.0 124.0
166.0 125.0
166.0 126.0
166.0 127.0
166.0 128.0
166.0 129.0
166.0 130.0
166.0 131.0
166.0 132.0
166.0 133.0
166.0 134.0
166.0 135.0
166.0 136.0
166.0 137.0
166.0 138.0
166.0 139.0
166.0 140.0
166.0 141.0
166.0 142.0
166.0 143.0
166.0 144.0
166.0 145.0
166.0 146.0
166.0 147.0
166.0 148.0
166.0 149.0
166.0 150.0
166.0 151.0
166.0 152.0
166.0 153.0
166.0 154.0
166.0 155.0
166.0 156.0
166.0 157.0
166.0 158.0
166.0 159.0
167.0 101.0
167.0 102.0
167.0 103.0
167.0 104.0
167.0 105.0
167.0 106.0
167.0 107.0
167.0 108.0
167.0 109.0
167.0 110.0
167.0 111.0
167.0 112.0
167.0 113.0
167.0 114.0
167.0 115.0
167.0 116.0
167.0 117.0
167.0 118.0
167.0 119.0
167.0 120.0
167.0 121.0
167.0 122.0
167.0 123.0
167.0 124.0
167.0 125.0
167.0 126.0
167.0 127.0
167.0 128.0
167.0 129.0
167.0 130.0
167.0 131.0
167.0 132.0
167.0 133.0
167.0 134.0
167.0 135.0
167.0 136.0
167.0 137.0
167.0 138.0
167.0 139.0
167.0 140.0
167.0 141.0
167.0 142.0
167.0 143.0
167.0 144.0
167.0 145.0
167.0 146.0
167.0 147.0
167.0 148.0
167.0 149.0
167.0 150.0
167.0 151.0
167.0 152.0
167.0 153.0
167.0 154.0
167.0 155.0
167.0 156.0
167.0 157.0
167.0 158.0
167.0 159.0
168.0 101.0
168.0 102.0
168.0 103.0
168.0 104.0
168.0 105.0
168.0 106.0
168.0 107.0
168.0 108.0
168.0 109.0
168.0 110.0
168.0 111.0
168.0 112.0
168.0 113.0
168.0 114.0
168.0 115.0
168.0 116.0
168.0 117.0
168.0 118.0
168.0 119.0
168.0 120.0
168.0 121.0
168.0 122.0
168.0 123.0
168.0 124.0
168.0 125.0
168.0 126.0
168.0 127.0
168.0 128.0
168.0 129.0
168.0 130.0
168.0 131.0
168.0 132.0
168.0 133.0
168.0 134.0
168.0 135.0
168.0 136.0
168.0 137.0
168.0 138.0
168.0 139.0
168.0 140.0
168.0 141.0
168.0 142.0
168.0 143.0
168.0 144.0
168.0 145.0
168.0 146.0
168.0 147.0
168.0 148.0
168.0 149.0
168.0 150.0
168.0 151.0
168.0 152.0
168.0 153.0
168.0 154.0
168.0 155.0
168.0 156.0
168.0 157.0
168.0 158.0
168.0 159.0
169.0 101.0
169.0 102.0
169.0 103.0
169.0 104.0
169.0 105.0
169.0 106.0
169.0 107.0
169.0 108.0
169.0 109.0
169.0 110.0
169.0 111.0
169.0 112.0
169.0 113.0
169.0 114.0
169.0 115.0
169.0 116.0
169.0 117.0
169.0 118.0
169.0 119.0
169.0 120.0
169.0 121.0
169.0 122.0
169.0 123.0
169.0 124.0
169.0 125.0
169.0 126.0
169.0 127.0
169.0 128.0
169.0 129.0
169.0 130.0
169.0 131.0
169.0 132.0
169.0 133.0
169.0 134.0
169.0 135.0
169.0 136.0
169.0 137.0
169.0 138.0
169.0 139.0
169.0 140.0
169.0 141.0
169.0 142.0
169.0 143.0
169.0 144.0
169.0 145.0
169.0 146.0
169.0 147.0
169.0 148.0
169.0 149.0
169.0 150.0
169.0 151.0
169.0 152.0
169.0 153.0
169.0 154.0
169.0 155.0
169.0 156.0
169.0 157.0
169.0 158.0
169.0 159.0
170.0 101.0
170.0 102.0
170.0 103.0
170.0 104.0
170.0 105.0
170.0 106.0
170.0 107.0
170.0 108.0
170.0 109.0
170.0 110.0
170.0 111.0
170.0 112.0
170.0 113.0
170.0 114.0
170.0 115.0
170.0 116.0
170.0 117.0
170.0 118.0
170.0 119.0
170.0 120.0
170.0 121.0
170.0 122.0
170.0 123.0
170.0 124.0
170.0 125.0
170.0 126.0
170.0 127.0
170.0 128.0
170.0 129.0
171.0 101.0
171.0 102.0
171.0 103.0
171.0 104.0
171.0 105.0
171.0 106.0
171.0 107.0
171.0 108.0
171.0 109.0
171.0 110.0
171.0 111.0
171.0 112.0
171.0 113.0
171.0 114.0
171.0 115.0
171.0 116.0
171.0 117.0
171.0 118.0
171.0 119.0
171.0 120.0
171.0 121.0
171.0 122.0
171.0 123.0
171.0 124.0
171.0 125.0
171.0 126.0
171.0 127.0
171.0 128.0
171.0 129.0
172.0 101.0
172.0 102.0
172.0 103.0
172.0 104.0
172.0 105.0
172.0 106.0
172.0 107.0
172.0 108.0
172.0 109.0
172.0 110.0
172.0 111.0
172.0 112.0
172.0 113.0
172.0 114.0
172.0 115.0
172.0 116.0
172.0 117.0
172.0 118.0
172.0 119.0
172.0 120.0
172.0 121.0
172.0 122.0
172.0 123.0
172.0 124.0
172.0 125.0
172.0 126.0
172.0 127.0
172.0 128.0
172.0 129.0
173.0 101.0
173.0 102.0
173.0 103.0
173.0 104.0
173.0 105.0
173.0 106.0
173.0 107.0
173.0 108.0
173.0 109.0
173.0 110.0
173.0 111.0
173.0 112.0
173.0 113.0
173.0 114.0
173.0 115.0
173.0 116.0
173.0 117.0
173.0 118.0
173.0 119.0
173.0 120.0
173.0 121.0
173.0 122.0
173.0 123.0
173.0 124.0
173.0 125.0
173.0 126.0
173.0 127.0
173.0 128.0
173.0 129.0
174.0 101.0
174.0 102.0
174.0 103.0
174.0 104.0
174.0 105.0
174.0 106.0
174.0 107.0
174.0 108.0
174.0 109.0
174.0 110.0
174.0 111.0
174.0 112.0
174.0 113.0
174.0 114.0
174.0 115.0
174.0 116.0
174.0 117.0
174.0 118.0
174.0 119.0
174.0 120.0
174.0 121.0
174.0 122.0
174.0 123.0
174.0 124.0
174.0 125.0
174.0 126.0
174.0 127.0
174.0 128.0
174.0 129.0
175.0 101.0
175.0 102.0
175.0 103.0
175.0 104.0
175.0 105.0
175.0 106.0
175.0 107.0
175.0 108.0
175.0 109.0
175.0 110.0
175.0 111.0
175.0 112.0
175.0 113.0
175.0 114.0
175.0 115.0
175.0 116.0
175.0 117.0
175.0 118.0
175.0 119.0
175.0 120.0
175.0 121.0
175.0 122.0
175.0 123.0
175.0 124.0
175.0 125.0
175.0 126.0
175.0 127.0
175.0 128.0
175.0 129.0
176.0 101.0
176.0 102.0
176.0 103.0
176.0 104.0
176.0 105.0
176.0 106.0
176.0 107.0
176.0 108.0
176.0 109.0
176.0 110.0
176.0 111.0
176.0 112.0
176.0 113.0
176.0 114.0
176.0 115.0
176.0 116.0
176.0 117.0
176.0 118.0
176.0 119.0
176.0 120.0
176.0 121.0
176.0 122.0
176.0 123.0
176.0 124.0
176.0 125.0
176.0 126.0
176.0 127.0
176.0 128.0
176.0 129.0
177.0 101.0
177.0 102.0
177.0 103.0
177.0 104.0
177.0 105.0
177.0 106.0
177.0 107.0
177.0 108.0
177.0 109.0
177.0 110.0
177.0 111.0
177.0 112.0
177.0 113.0
177.0 114.0
177.0 115.0
177.0 116.0
177.0 117.0
177.0 118.0
177.0 119.0
177.0 120.0
177.0 121.0
177.0 122.0
177.0 123.0
177.0 124.0
177.0 125.0
177.0 126.0
177.0 127.0
177.0 128.0
177.0 129.0
178.0 101.0
178.0 102.0
178.0 103.0
178.0 104.0
178.0 105.0
178.0 106.0
178.0 107.0
178.0 108.0
178.0 109.0
178.0 110.0
178.0 111.0
178.0 112.0
178.0 113.0
178.0 114.0
178.0 115.0
178.0 116.0
178.0 117.0
178.0 118.0
178.0 119.0
178.0 120.0
178.0 121.0
178.0 122.0
178.0 123.0
178.0 124.0
178.0 125.0
178.0 126.0
178.0 127.0
178.0 128.0
178.0 129.0
179.0 101.0
179.0 102.0
179.0 103.0
179.0 104.0
179.0 105.0
179.0 106.0
179.0 107.0
179.0 108.0
179.0 109.0
179.0 110.0
179.0 111.0
179.0 112.0
179.0 113.0
179.0 114.0
179.0 115.0
179.0 116.0
179.0 117.0
179.0 118.0
179.0 119.0
179.0 120.0
179.0 121.0
179.0 122.0
179.0 123.0
179.0 124.0
179.0 125.0
179.0 126.0
179.0 127.0
179.0 128.0
179.0 129.0
180.0 101.0
180.0 102.0
180.0 103.0
180.0 104.0
180.0 105.0
180.0 106.0
180.0 107.0
180.0 108.0
180.0 109.0
180.0 110.0
180.0 111.0
180.0 112.0
180.0 113.0
180.0 114.0
180.0 115.0
180.0 116.0
180.0 117.0
180.0 118.0
180.0 119.0
180.0 120.0
180.0 121.0
180.0 122.0
180.0 123.0
180.0 124.0
180.0 125.0
180.0 126.0
180.0 127.0
180.0 128.0
180.0 129.0
181.0 101.0
181.0 102.0
181.0 103.0
181.0 104.0
181.0 105.0
181.0 106.0
181.0 107.0
181.0 108.0
181.0 109.0
181.0 110.0
181.0 111.0
181.0 112.0
181.0 113.0
181.0 114.0
181.0 115.0
181.0 116.0
181.0 117.0
181.0 118.0
181.0 119.0
181.0 120.0
181.0 121.0
181.0 122.0
181.0 123.0
181.0 124.0
181.0 125.0
181.0 126.0
181.0 127.0
181.0 128.0
181.0 129.0
182.0 101.0
182.0 102.0
182.0 103.0
182.0 104.0
182.0 105.0
182.0 106.0
182.0 107.0
182.0 108.0
182.0 109.0
182.0 110.0
182.0 111.0
182.0 112.0
182.0 113.0
182.0 114.0
182.0 115.0
182.0 116.0
182.0 117.0
182.0 118.0
182.0 119.0
182.0 120.0
182.0 121.0
182.0 122.0
182.0 123.0
182.0 124.0
182.0 125.0
182.0 126.0
182.0 127.0
182.0 128.0
182.0 129.0
183.0 101.0
183.0 102.0
183.0 103.0
183.0 104.0
183.0 105.0
183.0 106.0
183.0 107.0
183.0 108.0
183.0 109.0
183.0 110.0
183.0 111.0
183.0 112.0
183.0 113.0
183.0 114.0
183.0 115.0
183.0 116.0
183.0 117.0
183.0 118.0
183.0 119.0
183.0 120.0
183.0 121.0
183.0 122.0
183.0 123.0
183.0 124.0
183.0 125.0
183.0 126.0
183.0 127.0
183.0 128.0
183.0 129.0
184.0 101.0
184.0 102.0
184.0 103.0
184.0 104.0
184.0 105.0
184.0 106.0
184.0 107.0
184.0 108.0
184.0 109.0
184.0 110.0
184.0 111.0
184.0 112.0
184.0 113.0
184.0 114.0
184.0 115.0
184.0 116.0
184.0 117.0
184.0 118.0
184.0 119.0
184.0 120.0
184.0 121.0
184.0 122.0
184.0 123.0
184.0 124.0
184.0 125.0
184.0 126.0
184.0 127.0
184.0 128.0
184.0 129.0
185.0 101.0
185.0 102.0
185.0 103.0
185.0 104.0
185.0 105.0
185.0 106.0
185.0 107.0
185.0 108.0
185.0 109.0
185.0 110.0
185.0 111.0
185.0 112.0
185.0 113.0
185.0 114.0
185.0 115.0
185.0 116.0
185.0 117.0
185.0 118.0
185.0 119.0
185.0 120.0
185.0 121.0
185.0 122.0
185.0 123.0
185.0 124.0
185.0 125.0
185.0 126.0
185.0 127.0
185.0 128.0
185.0 129.0
186.0 101.0
186.0 102.0
186.0 103.0
186.0 104.0
186.0 105.0
186.0 106.0
186.0 107.0
186.0 108.0
186.0 109.0
186.0 110.0
186.0 111.0
186.0 112.0
186.0 113.0
186.0 114.0
186.0 115.0
186.0 116.0
186.0 117.0
186.0 118.0
186.0 119.0
186.0 120.0
186.0 121.0
186.0 122.0
186.0 123.0
186.0 124.0
186.0 125.0
186.0 126.0
186.0 127.0
186.0 128.0
186.0 129.0
187.0 101.0
187.0 102.0
187.0 103.0
187.0 104.0
187.0 105.0
187.0 106.0
187.0 107.0
187.0 108.0
187.0 109.0
187.0 110.0
187.0 111.0
187.0 112.0
187.0 113.0
187.0 114.0
187.0 115.0
187.0 116.0
187.0 117.0
187.0 118.0
187.0 119.0
187.0 120.0
187.0 121.0
187.0 122.0
187.0 123.0
187.0 124.0
187.0 125.0
187.0 126.0
187.0 127.0
187.0 128.0
187.0 129.0
188.0 101.0
188.0 102.0
188.0 103.0
188.0 104.0
188.0 105.0
188.0 106.0
188.0 107.0
188.0 108.0
188.0 109.0
188.0 110.0
188.0 111.0
188.0 112.0
188.0 113.0
188.0 114.0
188.0 115.0
188.0 116.0
188.0 117.0
188.0 118.0
188.0 119.0
188.0 120.0
188.0 121.0
188.0 122.0
188.0 123.0
188.0 124.0
188.0 125.0
188.0 126.0
188.0 127.0
188.0 128.0
188.0 129.0
189.0 101.0
189.0 102.0
189.0 103.0
189.0 104.0
189.0 105.0
189.0 106.0
189.0 107.0
189.0 108.0
189.0 109.0
189.0 110.0
189.0 111.0
189.0 112.0
189.0 113.0
189.0 114.0
189.0 115.0
189.0 116.0
189.0 117.0
189.0 118.0
189.0 119.0
189.0 120.0
189.0 121.0
189.0 122.0
189.0 123.0
189.0 124.0
189.0 125.0
189.0 126.0
189.0 127.0
189.0 128.0
189.0 129.0
131.0 100.0
132.0 100.0
133.0 100.0
134.0 100.0
135.0 100.0
136.0 100.0
137.0 100.0
138.0 100.0
139.0 100.0
140.0 100.0
141.0 100.0
142.0 100.0
143.0 100.0
144.0 100.0
145.0 100.0
146.0 100.0
147.0 100.0
148.0 100.0
149.0 100.0
150.0 100.0
151.0 100.0
152.0 100.0
153.0 100.0
154.0 100.0
155.0 100.0
156.0 100.0
157.0 100.0
158.0 100.0
159.0 100.0
160.0 100.0
161.0 100.0
162.0 100.0
163.0 100.0
164.0 100.0
165.0 100.0
166.0 100.0
167.0 100.0
168.0 100.0
169.0 100.0
170.0 100.0
171.0 100.0
172.0 100.0
173.0 100.0
174.0 100.0
175.0 100.0
176.0 100.0
177.0 100.0
178.0 100.0
179.0 100.0
180.0 100.0
181.0 100.0
182.0 100.0
183.0 100.0
184.0 100.0
185.0 100.0
186.0 100.0
187.0 100.0
188.0 100.0
189.0 100.0
190.0 100.0
190.0 101.0
190.0 102.0
190.0 103.0
190.0 104.0
190.0 105.0
190.0 106.0
190.0 107.0
190.0 108.0
190.0 109.0
190.0 110.0
190.0 111.0
190.0 112.0
190.0 113.0
190.0 114.0
190.0 115.0
190.0 116.0
190.0 117.0
190.0 118.0
190.0 119.0
190.0 120.0
190.0 121.0
190.0 122.0
190.0 123.0
190.0 124.0
190.0 125.0
190.0 126.0
190.0 127.0
190.0 128.0
190.0 129.0
190.0 130.0
189.0 130.0
188.0 130.0
187.0 130.0
186.0 130.0
185.0 130.0
184.0 130.0
183.0 130.0
182.0 130.0
181.0 130.0
180.0 130.0
179.0 130.0
178.0 130.0
177.0 130.0
176.0 130.0
175.0 130.0
174.0 130.0
173.0 130.0
172.0 130.0
171.0 130.0
170.0 130.0
170.0 131.0
170.0 132.0
170.0 133.0
170.0 134.0
170.0 135.0
170.0 136.0
170.0 137.0
170.0 138.0
170.0 139.0
170.0 140.0
170.0 141.0
170.0 142.0
170.0 143.0
170.0 144.0
170.0 145.0
170.0 146.0
170.0 147.0
170.0 148.0
170.0 149.0
170.0 150.0
170.0 151.0
170.0 152.0
170.0 153.0
170.0 154.0
170.0 155.0
170.0 156.0
170.0 157.0
170.0 158.0
170.0 159.0
170.0 160.0
169.0 160.0
168.0 160.0
167.0 160.0
166.0 160.0
165.0 160.0
164.0 160.0
163.0 160.0
162.0 160.0
161.0 160.0
160.0 160.0
159.0 160.0
158.0 160.0
157.0 160.0
156.0 160.0
155.0 160.0
154.0 160.0
153.0 160.0
152.0 160.0
151.0 160.0
150.0 160.0
149.0 160.0
148.0 160.0
147.0 160.0
146.0 160.0
145.0 160.0
144.0 160.0
143.0 160.0
142.0 160.0
141.0 160.0
140.0 160.0
139.0 160.0
138.0 160.0
137.0 160.0
136.0 160.0
135.0 160.0
134.0 160.0
133.0 160.0
132.0 160.0
131.0 160.0
130.0 160.0
130.0 159.0
130.0 158.0
130.0 157.0
130.0 156.0
130.0 155.0
130.0 154.0
130.0 153.0
130.0 152.0
130.0 151.0
130.0 150.0
130.0 149.0
130.0 148.0
130.0 147.0
130.0 146.0
130.0 145.0
130.0 144.0
130.0 143.0
130.0 142.0
130.0 141.0
130.0 140.0
130.0 139.0
130.0 138.0
130.0 137.0
130.0 136.0
130.0 135.0
130.0 134.0
130.0 133.0
130.0 132.0
130.0 131.0
130.0 130.0
130.0 129.0
130.0 128.0
130.0 127.0
130.0 126.0
130.0 125.0
130.0 124.0
130.0 123.0
130.0 122.0
130.0 121.0
130.0 120.0
130.0 119.0
130.0 118.0
130.0 117.0
130.0 116.0
130.0 115.0
130.0 114.0
130.0 113.0
130.0 112.0
130.0 111.0
130.0 110.0
130.0 109.0
130.0 108.0
130.0 107.0
130.0 106.0
130.0 105.0
130.0 104.0
130.0 103.0
130.0 102.0
130.0 101.0
130.0 100.0
142.0 140.0
142.0 141.0
142.0 142.0
142.0 143.0
142.0 144.0
142.0 145.0
142.0 146.0
142.0 147.0
142.0 148.0
142.0 149.0
142.0 150.0
142.0 151.0
142.0 152.0
142.0 153.0
142.0 154.0
142.0 155.0
142.0 156.0
142.0 157.0
142.0 158.0
142.0 159.0
143.0 140.0
143.0 141.0
143.0 142.0
143.0 143.0
143.0 144.0
143.0 145.0
143.0 146.0
143.0 147.0
143.0 148.0
143.0 149.0
143.0 150.0
143.0 151.0
143.0 152.0
143.0 153.0
143.0 154.0
143.0 155.0
143.0 156.0
143.0 157.0
143.0 158.0
143.0 159.0
144.0 140.0
144.0 141.0
144.0 142.0
144.0 143.0
144.0 144.0
144.0 145.0
144.0 146.0
144.0 147.0
144.0 148.0
144.0 149.0
144.0 150.0
144.0 151.0
144.0 152.0
144.0 153.0
144.0 154.0
144.0 155.0
144.0 156.0
144.0 157.0
144.0 158.0
144.0 159.0
145.0 140.0
145.0 141.0
145.0 142.0
145.0 143.0
145.0 144.0
145.0 145.0
145.0 146.0
145.0 147.0
145.0 148.0
145.0 149.0
145.0 150.0
145.0 151.0
145.0 152.0
145.0 153.0
145.0 154.0
145.0 155.0
145.0 156.0
145.0 157.0
145.0 158.0
145.0 159.0
146.0 140.0
146.0 141.0
146.0 142.0
146.0 143.0
146.0 144.0
146.0 145.0
146.0 146.0
146.0 147.0
146.0 148.0
146.0 149.0
146.0 150.0
146.0 151.0
146.0 152.0
146.0 153.0
146.0 154.0
146.0 155.0
146.0 156.0
146.0 157.0
146.0 158.0
146.0 159.0
147.0 140.0
147.0 141.0
147.0 142.0
147.0 143.0
147.0 144.0
147.0 145.0
147.0 146.0
147.0 147.0
147.0 148.0
147.0 149.0
147.0 150.0
147.0 151.0
147.0 152.0
147.0 153.0
147.0 154.0
147.0 155.0
147.0 156.0
147.0 157.0
147.0 158.0
147.0 159.0
148.0 140.0
148.0 141.0
148.0 142.0
148.0 143.0
148.0 144.0
148.0 145.0
148.0 146.0
148.0 147.0
148.0 148.0
148.0 149.0
148.0 150.0
148.0 151.0
148.0 152.0
148.0 153.0
148.0 154.0
148.0 155.0
148.0 156.0
148.0 157.0
148.0 158.0
148.0 159.0
149.0 140.0
149.0 141.0
149.0 142.0
149.0 143.0
149.0 144.0
149.0 145.0
149.0 146.0
149.0 147.0
149.0 148.0
149.0 149.0
149.0 150.0
149.0 151.0
149.0 152.0
149.0 153.0
149.0 154.0
149.0 155.0
149.0 156.0
149.0 157.0
149.0 158.0
149.0 159.0
150.0 140.0
150.0 141.0
150.0 142.0
150.0 143.0
150.0 144.0
150.0 145.0
150.0 146.0
150.0 147.0
150.0 148.0
150.0 149.0
150.0 150.0
150.0 151.0
150.0 152.0
150.0 153.0
150.0 154.0
150.0 155.0
150.0 156.0
150.0 157.0
150.0 158.0
150.0 159.0
151.0 140.0
151.0 141.0
151.0 142.0
151.0 143.0
151.0 144.0
151.0 145.0
151.0 146.0
151.0 147.0
151.0 148.0
151.0 149.0
151.0 150.0
151.0 151.0
151.0 152.0
151.0 153.0
151.0 154.0
151.0 155.0
151.0 156.0
151.0 157.0
151.0 158.0
151.0 159.0
152.0 140.0
152.0 141.0
152.0 142.0
152.0 143.0
152.0 144.0
152.0 145.0
152.0 146.0
152.0 147.0
152.0 148.0
152.0 149.0
152.0 150.0
152.0 151.0
152.0 152.0
152.0 153.0
152.0 154.0
152.0 155.0
152.0 156.0
152.0 157.0
152.0 158.0
152.0 159.0
153.0 140.0
153.0 141.0
153.0 142.0
153.0 143.0
153.0 144.0
153.0 145.0
153.0 146.0
153.0 147.0
153.0 148.0
153.0 149.0
153.0 150.0
153.0 151.0
153.0 152.0
153.0 153.0
153.0 154.0
153.0 155.0
153.0 156.0
153.0 157.0
153.0 158.0
153.0 159.0
154.0 140.0
154.0 141.0
154.0 142.0
154.0 143.0
154.0 144.0
154.0 145.0
154.0 146.0
154.0 147.0
154.0 148.0
154.0 149.0
154.0 150.0
154.0 151.0
154.0 152.0
154.0 153.0
154.0 154.0
154.0 155.0
154.0 156.0
154.0 157.0
154.0 158.0
154.0 159.0
155.0 140.0
155.0 141.0
155.0 142.0
155.0 143.0
155.0 144.0
155.0 145.0
155.0 146.0
155.0 147.0
155.0 148.0
155.0 149.0
155.0 150.0
155.0 151.0
155.0 152.0
155.0 153.0
155.0 154.0
155.0 155.0
155.0 156.0
155.0 157.0
155.0 158.0
155.0 159.0
156.0 140.0
156.0 141.0
156.0 142.0
156.0 143.0
156.0 144.0
156.0 145.0
156.0 146.0
156.0 147.0
156.0 148.0
156.0 149.0
156.0 150.0
156.0 151.0
156.0 152.0
156.0 153.0
156.0 154.0
156.0 155.0
156.0 156.0
156.0 157.0
156.0 158.0
156.0 159.0
157.0 140.0
157.0 141.0
157.0 142.0
157.0 143.0
157.0 144.0
157.0 145.0
157.0 146.0
157.0 147.0
157.0 148.0
157.0 149.0
157.0 150.0
157.0 151.0
157.0 152.0
157.0 153.0
157.0 154.0
157.0 155.0
157.0 156.0
157.0 157.0
157.0 158.0
157.0 159.0
158.0 140.0
158.0 141.0
158.0 142.0
158.0 143.0
158.0 144.0
158.0 145.0
158.0 146.0
158.0 147.0
158.0 148.0
158.0 149.0
158.0 150.0
158.0 151.0
158.0 152.0
158.0 153.0
158.0 154.0
158.0 155.0
158.0 156.0
158.0 157.0
158.0 158.0
158.0 159.0
159.0 140.0
159.0 141.0
159.0 142.0
159.0 143.0
159.0 144.0
159.0 145.0
159.0 146.0
159.0 147.0
159.0 148.0
159.0 149.0
159.0 150.0
159.0 151.0
159.0 152.0
159.0 153.0
159.0 154.0
159.0 155.0
159.0 156.0
159.0 157.0
159.0 158.0
159.0 159.0
141.0 140.0
141.0 141.0
141.0 142.0
141.0 143.0
141.0 144.0
141.0 145.0
141.0 146.0
141.0 147.0
141.0 148.0
141.0 149.0
141.0 150.0
141.0 151.0
141.0 152.0
141.0 153.0
141.0 154.0
141.0 155.0
141.0 156.0
141.0 157.0
141.0 158.0
141.0 159.0
